256
0;	19.7166	0	0;	0	19.7166	0;	0	0	19.7166;
SSD_RF	2.82553	3.84115	8.22189	0.00193331	-0.000192537	0.0011806	0.407522	0.330602	-0.745738	0.410492	0.0232383	0.00600724	-0.0204857
SSD_RF	0.252234	-0.856849	-8.24013	-0.00291224	0.0048611	0.00293191	0.832161	0.275871	0.317239	-0.361611	0.00277166	0.0222113	0.000506925
SSD_RF	-3.5644	2.69552	-0.772408	0.00320171	-0.00898219	0.00492371	0.0849967	-0.973421	0.0463862	0.207545	-0.0153308	0.00331878	-0.0207895
SSD_RF	4.60288	-1.9183	7.70689	-0.00378613	-0.00270808	-0.00331421	0.346155	0.141587	-0.861107	0.344418	-0.0248355	0.012224	0.0121298
SSD_RF	1.3525	-2.55704	2.90381	-0.00111327	0.000142591	0.00464051	0.220983	0.110896	-0.925345	0.287413	-0.0335862	-0.000627686	0.00168009
SSD_RF	2.45174	1.07122	10.3216	-0.00188079	0.00635588	0.000112862	0.150659	0.210512	-0.733949	0.627937	0.000392406	0.00703455	0.00595283
SSD_RF	-4.09934	0.934979	13.9562	-0.000123123	0.00140909	0.00632487	0.120314	0.658016	-0.533843	-0.517253	0.010612	-0.0104604	-0.00113457
SSD_RF	8.02616	-3.11317	11.0661	0.00420663	0.00295673	0.00583905	0.481012	-0.682303	0.55033	-0.0150571	-0.00224949	0.00846571	0.0109662
SSD_RF	-9.31938	-1.5975	4.86227	-0.00516601	0.0028221	0.00543566	0.205826	-0.612276	-0.105397	0.756072	0.0167744	0.00427356	0.000514994
SSD_RF	7.3253	10.7707	6.67371	0.00840729	-0.00221032	-0.00231964	0.863066	0.415169	0.287658	-0.00203695	0.015497	-0.0196546	0.012718
SSD_RF	1.85633	9.25429	13.8773	-0.000605129	0.00141993	-0.000746209	0.479779	0.786093	0.114982	0.372357	-0.0228137	0.00443423	-0.0168594
SSD_RF	3.9287	1.57074	7.02734	0.00269333	-0.000904552	-0.00249527	0.281489	0.726645	-0.516214	0.355351	0.00294962	-0.014629	-0.012685
SSD_RF	4.44618	1.99393	12.8011	0.00394016	-0.000750187	-0.000600402	0.282767	-0.244212	0.880212	-0.292627	0.0264628	-4.75581e-06	0.00259722
SSD_RF	1.85543	11.9698	-1.16986	0.00063831	0.000953924	0.00358758	0.317094	0.546383	0.699656	0.333764	0.0347423	-0.0106547	0.00767438
SSD_RF	2.46786	8.79038	2.55742	-0.00730959	-0.0010533	-0.00521519	0.698709	0.356454	0.618932	-0.0408566	0.00674132	0.000690006	0.0248186
SSD_RF	6.83325	4.93027	3.71519	0.000268232	-0.00176416	-0.00321291	0.64029	-0.487981	0.0936232	0.58578	0.0152315	0.0141948	0.000555883
SSD_RF	1.17732	3.77834	-1.01537	0.0021811	-0.00594575	0.00190606	0.517548	0.423184	-0.593359	-0.448313	0.0352672	0.0268453	-0.0138678
SSD_RF	9.55925	2.71609	14.3533	-0.00472381	-0.00308471	0.000361985	0.911285	-0.0094265	0.391175	0.128269	-0.00377278	0.000151067	-0.00236917
SSD_RF	6.60599	4.52398	12.2929	0.00430019	0.000618715	0.000735286	0.457422	-0.330112	-0.803442	-0.190452	-6.35802e-05	0.00303257	-0.0120148
SSD_RF	5.70139	8.72244	9.79333	-0.00251939	-0.00494732	-0.00361182	0.353327	-0.702003	0.00144137	0.618344	-0.0313153	0.00757897	-0.00989844
SSD_RF	-1.12143	12.2878	11.233	0.000459333	-0.00136338	0.00164827	0.237346	-0.679506	0.689008	-0.0848849	-0.0272928	0.0261384	-0.0149608
SSD_RF	2.59317	11.6071	1.99021	0.00449609	0.00057832	0.000283233	0.230291	-0.018815	0.828198	-0.510588	-0.0614515	0.00742471	-0.00835056
SSD_RF	4.82012	8.16668	3.77236	0.0029083	0.00134012	0.00728895	0.916996	0.0854926	0.389596	0.0050506	0.00855305	0.0158999	0.0394358
SSD_RF	-1.11446	11.5148	4.98465	-0.00385354	-0.00107027	0.00285221	0.566101	-0.737043	-0.215811	-0.299538	-0.0206991	0.000869192	-0.00513592
SSD_RF	-0.995349	9.46993	-5.6705	-0.00168863	0.00345136	-0.0042699	0.679618	0.204782	0.509058	0.486871	0.0269537	-0.00732972	0.0109276
SSD_RF	8.56637	0.0965273	5.83523	-0.00567897	-0.0024017	-0.00576229	0.621709	-0.555947	-0.53206	-0.145988	0.0300394	0.0137383	-0.00465491
SSD_RF	0.835026	9.37871	0.363012	0.00652327	-0.00282737	-0.00294705	0.326713	-0.18628	-0.319833	-0.869635	0.0191858	0.00350368	-0.0158939
SSD_RF	3.90766	16.1155	-2.16541	0.00061077	0.0048092	0.00202629	0.432096	-0.247596	-0.828555	-0.2559	0.0386609	0.00940178	0.00957047
SSD_RF	7.41519	7.64263	4.27541	-0.00239416	-0.00302792	-0.00900709	0.732064	-0.382705	0.185186	-0.532283	-0.0323548	-0.0058894	-0.00841863
SSD_RF	3.8482	15.1223	8.44256	0.00726344	-0.00190912	-0.00720918	0.343555	0.720946	0.439771	-0.410862	0.000259084	0.0107578	0.0069077
SSD_RF	-3.68769	24.7799	7.46359	0.0037831	-0.00263533	0.00557294	0.29697	0.392658	0.459141	0.739472	0.00930967	-0.0163814	-0.00177816
SSD_RF	0.198905	12.8525	2.86648	-0.00823667	0.00457747	0.000722455	0.706038	-0.210003	0.65401	0.172277	-0.00674405	-0.00354824	-0.00689723
SSD_RF	-0.576597	9.86538	8.08465	0.0070313	8.77389e-05	-0.0112038	0.0898194	-0.610571	0.0108813	0.786777	0.0390565	0.00937179	-0.00099965
SSD_RF	-0.189613	8.90392	3.85368	-0.000183133	0.00138531	-0.000295953	0.217204	0.439939	0.476025	0.729846	-0.00855881	0.00936709	-0.0251827
SSD_RF	1.80405	11.4555	15.8123	0.00357005	0.0020853	0.00382203	0.615215	0.337458	-0.707886	0.0808121	0.00808107	-0.00631638	0.0353666
SSD_RF	-1.13483	16.3528	9.47656	0.00373779	-0.00245157	-0.000820529	0.253863	-0.336762	-0.242983	0.873558	0.00213736	0.0185583	0.0373873
SSD_RF	7.48511	-0.00493888	0.780102	0.002232	0.00693792	0.00139074	0.346523	-0.075329	0.681585	0.64007	0.00506112	0.00315083	-0.0116456
SSD_RF	8.58036	6.53251	8.31361	0.00925655	0.00149793	-0.00431062	0.158051	0.690413	0.459372	0.536029	-0.0225424	-0.0034997	-0.00907948
SSD_RF	17.9491	2.97859	8.07965	-0.00170499	-0.00487797	-0.00565464	0.988556	0.0864654	-0.119897	-0.0300872	-0.00278431	-0.000898908	0.00269657
SSD_RF	14.2622	-4.29819	-1.45011	-0.00447367	0.00158446	-0.0012908	0.236262	0.613019	-0.13486	0.741755	-0.00609827	-0.00681447	0.0150432
SSD_RF	4.01676	-3.80552	11.0249	0.000402774	-0.00406686	0.00174425	0.136242	-0.156989	-0.882249	0.422409	0.018234	-0.0217299	0.00517148
SSD_RF	6.04629	-2.29493	12.9389	0.00325604	0.00240801	0.00382668	0.64642	0.709784	-0.265311	0.0892056	-0.028171	0.00190005	-0.0129058
SSD_RF	9.63489	-0.698388	8.31239	-0.00188701	-0.00206472	0.000500294	0.450223	-0.599265	-0.624625	0.219144	-0.00102828	-0.00636807	-0.0399196
SSD_RF	4.52753	5.82158	5.03889	-0.00166109	-0.00474851	0.00785197	0.703227	0.436436	-0.132764	-0.545315	-0.0409334	0.0116782	-0.01598
SSD_RF	4.58906	6.35128	15.0766	0.00184161	6.22882e-05	0.00557733	0.00241703	-0.758567	-0.305224	0.575681	-0.0253114	-0.00406486	0.0202382
SSD_RF	6.80715	3.35895	14.756	-0.00561959	-9.63161e-06	0.0101119	0.174025	-0.268627	0.940646	-0.112869	0.0173515	0.015585	0.00214639
SSD_RF	3.00767	7.81358	9.41951	-0.00343492	-0.00105568	-0.000693172	0.635554	-0.526481	-0.562922	0.0448174	-0.0155237	0.00113789	0.0162937
SSD_RF	7.47851	6.74557	10.9861	0.000649234	-0.00511393	-0.00448485	0.0370984	-0.4329	0.869786	0.233867	-0.0142536	0.00233998	-0.0237279
SSD_RF	5.95107	8.19874	-0.226031	-0.00202874	0.00255137	0.00279838	0.0138252	0.712004	-0.683551	0.160054	-0.0229801	-0.00131407	-0.0284222
SSD_RF	4.75506	11.5971	-6.56529	0.00343184	-0.00261831	0.000126672	0.678972	0.320167	0.612866	-0.246749	0.0331602	0.0116604	-0.0100534
SSD_RF	4.19103	5.54331	0.314621	0.00116813	0.00876552	-0.00392054	0.357966	-0.269437	0.432898	0.782218	-0.00859177	0.00136936	0.0196392
SSD_RF	4.62314	12.0567	-0.865146	0.00130947	0.00363129	0.00412565	0.516737	0.719703	0.300441	0.353194	0.00912651	-0.0043218	0.0215308
SSD_RF	6.25873	1.30957	4.98737	-0.00305101	0.000268577	0.000387487	0.534196	-0.314166	0.0398147	-0.783804	0.0359967	0.00442083	0.0277878
SSD_RF	7.43304	10.4485	2.98128	-0.00691979	-0.00933073	-0.000190463	0.0297259	0.722492	0.0654266	0.687634	-0.0269954	-0.0117387	0.0140355
SSD_RF	10.6965	10.9401	7.06763	-0.00552064	0.00388764	-0.0071614	0.641177	-0.67639	-0.350618	-0.0919519	-0.00096614	0.00560475	-0.0116305
SSD_RF	7.48441	1.35559	10.1202	0.00637824	0.00232492	0.00230855	0.636089	-0.117771	-0.319929	-0.692218	0.0131389	-0.00211236	0.0111317
SSD_RF	1.10237	9.68097	6.04288	-0.00140929	-0.0044756	-0.00453127	0.831111	-0.345226	-0.192592	-0.391128	-0.0197738	-0.0128131	-0.00132567
SSD_RF	3.91831	14.4385	0.243989	-0.00139104	0.00159696	-0.000573321	0.121036	0.173276	-0.957388	0.196811	-0.0386654	-0.000290158	0.00193399
SSD_RF	-2.75589	7.38447	13.8967	0.000285515	-0.00152095	-0.00131561	0.571784	-0.143122	0.354743	0.725766	-0.025703	-0.00681206	-0.00097926
SSD_RF	12.9731	7.62982	6.36617	-0.00611473	-0.00275922	0.0040217	0.365982	0.864804	-0.0200381	0.343176	0.0130546	0.000595542	0.00927714
SSD_RF	-1.63542	9.7489	-1.58033	0.00189744	0.000659268	0.00897375	0.862378	0.00241265	0.117419	0.492454	0.00210777	-0.0115207	0.0163993
SSD_RF	0.0387199	14.2823	-0.656096	-0.000143415	-0.00227001	0.00280521	0.569145	0.502874	-0.425682	0.491921	-0.0675596	0.00645817	0.000220649
SSD_RF	12.2608	13.4397	5.01694	-0.00244633	0.00329813	0.00687636	0.56632	-0.381865	-0.236475	0.691043	-0.0110082	-0.0164905	-0.0316662
SSD_RF	8.55998	13.0502	2.49429	-0.00125122	0.00516142	-0.000518149	0.000472602	-0.413353	0.891217	0.186738	0.0330544	0.00711926	0.0101375
SSD_RF	5.28397	12.8837	7.06659	0.000706616	-0.00261325	0.000375254	0.544494	0.820954	0.17138	-0.0137627	0.0118884	0.0169532	-0.0361628
SSD_RF	7.33672	11.8137	12.6362	0.00224808	0.00390492	-0.00036522	0.684216	-0.544898	0.392781	-0.284004	-0.000222922	-0.0170365	-0.000591104
SSD_RF	3.82265	13.6904	4.09297	0.00201349	0.00118388	0.00668133	0.411388	0.3588	0.401225	-0.735555	0.00913532	-0.00106679	-0.000988445
SSD_RF	1.75698	11.9702	7.03122	-0.00248395	-0.00598965	0.00129848	0.0668089	0.135593	-0.652699	-0.742385	-0.0616051	0.0198638	0.00288688
SSD_RF	1.74045	15.2563	13.8509	-0.00208468	0.00175634	0.00119413	0.83675	0.282331	-0.0210059	0.468718	-0.00107718	-0.0100336	0.0223939
SSD_RF	10.3941	25.3339	14.8296	-0.00860734	-0.00264291	0.00549761	0.170367	0.439361	-0.585615	-0.659539	0.0144609	0.00190083	5.66452e-05
SSD_RF	7.97741	11.6109	9.32071	0.00463436	-0.00359007	-0.00451457	0.940922	0.0963135	0.0586721	0.319292	-0.010701	0.00900885	-0.0247361
SSD_RF	11.1087	19.9261	14.7626	-0.00234817	0.000169211	0.00165858	0.384498	-0.343491	0.572022	-0.637939	-0.0105769	-0.0110134	0.0208637
SSD_RF	14.2082	-5.03465	3.08007	0.00364475	-0.00963485	0.000296464	0.608016	0.626317	-0.447057	0.195405	0.0197619	0.010198	-0.028633
SSD_RF	12.5681	-1.78009	-0.605467	0.00623227	0.00102324	0.00368182	0.57504	0.376248	-0.348865	0.637228	0.0275724	0.0124143	-0.00378362
SSD_RF	9.77273	-7.46257	4.75458	-0.00253226	-0.00343228	0.00421288	0.245356	0.552204	-0.712949	-0.355775	-0.0246076	0.0158612	0.000170685
SSD_RF	9.73062	4.22851	9.22359	-0.000146162	-0.00155559	0.00112694	0.785249	0.598054	-0.159945	0.0115162	0.00581685	0.00478767	0.0263321
SSD_RF	6.51624	-5.19213	1.3894	-0.00660777	-0.00157777	-0.000541505	0.583068	0.0125046	-0.740275	-0.334466	-0.0368935	0.00154724	-0.0124866
SSD_RF	16.3114	5.46401	3.59874	-0.00227585	-0.00479134	9.61816e-05	0.0636883	0.857702	-0.51012	0.00822343	-0.0158226	0.000442023	-0.0148119
SSD_RF	14.7368	7.57279	4.32636	0.00311757	0.000793676	0.00464419	0.0152793	-0.752975	0.164704	-0.63692	-0.0118612	-0.00957962	0.0174788
SSD_RF	9.24071	-0.240042	12.8407	-6.96242e-05	-0.00141089	0.00419694	0.77752	-0.540126	0.230488	-0.224948	0.0242061	-0.00674137	0.00943725
SSD_RF	8.28148	-7.22415	15.4009	-0.00282354	-0.00293607	0.00217535	0.0898928	-0.627911	-0.356775	-0.685828	0.0135724	-0.00158736	-0.0209351
SSD_RF	19.8464	4.05416	14.0748	0.00726504	0.00318597	0.00434158	0.612057	0.352022	0.687488	0.169784	0.0127354	0.018063	-0.0094958
SSD_RF	10.6304	-2.1266	11.3128	0.00100195	-0.00277173	-0.00177153	0.850625	-0.25033	0.390255	0.247936	-0.0218129	0.00913142	-0.0103494
SSD_RF	13.563	0.783999	11.7163	0.00255868	-0.00249585	0.000559161	0.388282	0.722943	-0.562804	0.0992121	-0.0255547	0.00308205	0.00139978
SSD_RF	18.8163	-0.0691073	-0.126421	0.00691892	0.00545577	0.00381846	0.646782	0.50818	0.0137068	0.568541	-0.0158957	-0.0024597	0.00605132
SSD_RF	19.7521	4.4737	1.86886	0.000588391	-0.00237938	0.0024813	0.118091	0.463734	0.668685	-0.569092	0.0156133	0.0149632	0.0165334
SSD_RF	9.97888	8.76637	3.2832	-0.00040388	0.00169845	-0.000739909	0.139073	-0.558714	0.628442	-0.523028	0.00207202	-0.000504245	0.0134102
SSD_RF	8.80157	6.68831	-2.80527	-0.00231142	-0.00822211	-0.00307426	0.533572	-0.596254	0.153604	0.579817	-0.0481894	-0.0246113	0.014563
SSD_RF	10.803	3.25263	2.43161	-0.0026481	0.00304077	-0.00112816	0.0865512	-0.470328	0.78858	0.386577	0.012462	0.000941725	-0.0176103
SSD_RF	3.36271	13.3601	14.7299	-0.000346286	-0.000166995	-0.000378124	0.788296	0.548888	-0.072212	0.268509	0.0156932	0.0144853	0.00427336
SSD_RF	10.3376	8.07486	6.69484	0.00286773	0.000386114	0.00264893	0.609259	0.0912799	0.714488	0.331629	0.00168388	0.00421592	0.0232348
SSD_RF	12.8334	8.89318	2.97303	-0.00198181	-0.00373302	0.00483011	0.844543	-0.139998	0.513637	-0.0576572	0.0107075	0.00362968	-0.0236326
SSD_RF	11.7227	6.09164	9.24087	0.00437465	0.00380087	0.00289962	0.361216	0.784867	-0.490799	0.112349	-0.0140245	0.00236556	0.0175397
SSD_RF	13.1369	8.7389	9.39738	-0.00133895	2.96209e-05	0.000343325	0.626714	0.331478	-0.528382	0.467082	0.0260323	0.00422433	-0.00470776
SSD_RF	1.49746	12.4985	9.99291	-0.00307927	0.000517492	-0.00264368	0.539444	-0.350354	-0.307343	-0.701279	0.00059482	-0.00869328	-0.0163977
SSD_RF	17.3185	1.61288	15.7919	-0.004587	-0.00153154	-0.00486355	0.0134704	0.803132	0.586975	-0.101283	0.0281836	-0.0112043	0.0142406
SSD_RF	9.01029	5.26751	1.94849	-0.00544365	-0.00373368	-0.000355097	0.48248	-0.620461	-0.319975	0.529015	-0.0179395	0.00667768	-0.0123473
SSD_RF	18.8742	6.05984	-1.86449	0.00355077	-0.0013445	-0.00374203	0.137653	0.763499	0.342233	-0.530092	-0.0120338	-0.00364951	0.0433724
SSD_RF	13.2363	5.06195	6.99911	0.00112947	-0.00343556	0.00659208	0.30252	0.534644	-0.479823	0.626424	-0.00254279	-0.00843262	-0.0122965
SSD_RF	18.3419	6.98329	2.09622	-0.0006729	0.00142224	-0.00479996	0.258029	-0.676893	0.237278	-0.647253	0.0229891	-0.0060461	0.00917073
SSD_RF	12.9119	5.75091	0.632959	0.00163871	-0.00113653	-0.00126825	0.469262	0.0995504	0.857285	-0.186934	0.0217345	-0.00915281	-0.00316104
SSD_RF	10.5157	16.3349	8.89329	0.00171219	-0.0027302	0.00429689	0.0985182	0.147712	-0.311713	-0.93344	0.00746443	-0.0103681	-0.0372199
SSD_RF	8.54225	14.3251	12.1779	0.000456792	0.00352905	-0.00385318	0.786585	-0.572035	0.0334866	0.230084	0.010167	0.0106689	-0.00128949
SSD_RF	11.3792	13.259	16.6332	0.00655884	0.00282658	-0.00279753	0.0251129	-0.838175	-0.392472	-0.377886	0.0188438	0.011434	-0.00972569
SSD_RF	8.68666	15.0749	14.8248	-0.00216634	0.000881629	-0.004827	0.649903	-0.525385	0.32229	0.444664	-0.0226302	-0.00974517	-0.0123854
SSD_RF	17.8271	12.2745	8.62224	-0.0035803	0.00165123	0.00700316	0.386504	-0.500178	-0.773746	0.0418764	0.0126176	0.0227418	-0.0016871
SSD_RF	8.73599	2.40555	4.63486	0.00439957	-0.00238518	-0.0050977	0.509853	-0.855479	0.082363	-0.0376949	0.0230097	-0.00261945	-0.0365656
SSD_RF	8.33322	9.01994	18.4202	-0.00286757	-0.0101468	-0.00033556	0.128634	-0.27853	-0.517952	-0.798498	0.0302639	-0.0112546	-0.00135284
SSD_RF	-2.43671	4.68255	12.9879	0.00603873	0.00289626	-0.00144137	0.0697188	-0.285622	-0.370623	-0.881021	0.00015245	-0.0158743	0.0291132
SSD_RF	-0.480812	0.645408	13.9781	-0.00549465	-0.00182055	-0.00681413	0.579721	-0.37226	0.697117	-0.198428	-0.0109515	-0.00633635	-0.0314147
SSD_RF	-13.106	0.994844	17.6624	-0.00863229	0.0100241	-0.0025606	0.0724311	-0.603362	0.147524	-0.78035	-0.00736659	-0.0103139	0.00943776
SSD_RF	2.43404	-1.40105	24.9477	-0.00353803	-0.00248725	-0.000245125	0.199133	0.309574	-0.686433	0.627152	-0.0291858	-0.00399742	-0.00270476
SSD_RF	-1.88958	2.92218	11.1317	-0.00396343	0.00583893	-0.00439691	0.569819	-0.155585	-0.106289	-0.799877	-0.0164193	0.000958753	0.00902714
SSD_RF	-2.9763	8.83136	8.8832	0.00355843	-0.000365455	-0.00411608	0.856801	0.401534	-0.259258	0.193513	-0.0135186	-0.0159121	-0.0244699
SSD_RF	2.22939	14.793	21.8294	0.00138569	0.00804786	0.000734583	0.425613	-0.462918	0.553578	-0.545996	-0.00890083	0.0131119	-0.0324521
SSD_RF	-5.03768	3.35629	16.7596	-0.00439991	0.000422759	-0.000991698	0.422357	-0.898037	0.0990417	0.073038	-0.00169398	-0.00212546	0.0015829
SSD_RF	-5.56035	8.35962	13.6403	-0.00440932	-0.00714947	-0.000597629	0.316726	-0.103178	-0.680884	0.652255	0.0393762	0.0103832	0.00363166
SSD_RF	3.03414	2.52148	19.9247	0.000652211	0.00329306	-0.00422941	0.374943	-0.812104	0.350101	0.278089	-0.000677013	0.0027917	-0.00753114
SSD_RF	4.70291	22.5146	10.3042	0.00147559	0.00307664	-0.00275065	0.479546	-0.305313	-0.821542	0.0434555	-0.0148804	0.000131	0.00947025
SSD_RF	-6.70744	13.2166	14.616	-0.00141182	-0.00387422	-0.00367537	0.244043	-0.351164	0.839229	-0.335889	0.0259153	-0.00790858	-0.00793118
SSD_RF	3.54859	18.6864	-8.48205	0.00324154	0.00138387	0.0061111	0.251243	0.706473	-0.293548	0.592961	-0.00117574	-0.00230487	-0.0150176
SSD_RF	-4.51423	13.0013	-1.93807	-0.000169771	0.00250394	-0.00497099	0.234975	0.896941	-0.210455	0.309827	-0.0169577	0.00818619	0.00397888
SSD_RF	-1.23178	11.2475	0.979075	-0.00689801	-0.00458087	2.50715e-05	0.514783	-0.295101	0.134216	0.793663	0.0145483	0.00587754	-0.0120275
SSD_RF	10.6501	13.5391	10.3953	0.00237176	-0.00460156	-0.00167216	0.0936885	0.456777	0.171115	-0.867927	0.00843092	-0.00197048	0.0370255
SSD_RF	4.20899	16.2447	5.39618	-0.00126146	-0.00322087	-0.00467382	0.270264	0.32835	0.846898	-0.31923	0.0229315	0.014512	0.0198032
SSD_RF	6.03443	17.3826	0.316649	0.00321357	-0.00358681	0.00182041	0.222217	-0.286073	0.639496	0.678105	-0.0363508	0.00249056	0.0202263
SSD_RF	-5.75133	11.1145	3.96588	0.00108593	0.00172828	0.000674817	0.419427	-0.0350351	-0.306379	-0.853807	-0.00310234	0.0115337	0.0148721
SSD_RF	2.93526	23.2498	14.5616	0.00470427	-8.60915e-05	0.00450461	0.247408	-0.283531	0.530691	-0.759451	-0.0140338	0.028255	0.0304474
SSD_RF	-3.14736	19.627	6.16244	-0.000726579	0.00249535	-0.000376306	0.924834	-0.372596	0.0164291	0.0747318	-0.0319626	0.00184131	-0.0141597
SSD_RF	-3.83581	26.93	11.1037	-0.00725416	0.00908748	-0.0031491	0.619301	-0.224724	-0.243257	0.711892	-0.0337004	-0.0195239	0.00668088
SSD_RF	-2.21437	18.935	17.2174	-0.000704215	-0.00374761	-0.000274326	0.120458	0.18056	-0.413058	-0.884461	0.0095387	0.00896462	-0.00113108
SSD_RF	0.956373	15.8819	7.92662	-0.00263132	-0.00350956	0.00394864	0.0635338	0.549811	-0.34545	-0.757849	0.00122133	0.0193436	0.0104295
SSD_RF	-1.00163	11.5112	15.9572	0.00209827	-0.00520531	0.0017309	0.863875	-0.292261	-0.345422	0.221329	-0.00706533	0.00242438	0.0109353
SSD_RF	1.45081	14.2427	5.79277	0.000431765	-0.000701155	0.000394328	0.692499	-0.611392	0.014187	0.382679	-0.00846583	0.0043439	0.00593441
SSD_RF	-2.73292	13.829	13.113	-0.00419938	-8.81229e-05	0.00051557	0.318484	0.599159	-0.668163	0.30518	-0.0162788	-0.000655897	0.0070739
SSD_RF	3.57134	13.2931	11.6153	0.000326698	-0.00183828	0.00398134	0.859074	0.200687	-0.0611182	0.466884	-0.0194064	0.00398492	0.0208521
SSD_RF	6.63853	5.23761	16.8037	-0.00362648	0.00627868	0.000425307	0.0988735	-0.959943	-0.180636	0.19001	-0.0150755	0.00227964	-0.0123586
SSD_RF	3.84693	7.77228	12.271	-0.00303178	0.00349652	-0.00132852	0.469676	0.881144	0.0400816	-0.0371959	0.0016825	-0.0103042	0.00556286
SSD_RF	6.37555	8.13707	26.6153	0.0038276	0.00194429	0.00768173	0.586552	-0.0228407	-0.393624	0.707457	0.00762496	-0.00869502	0.0427524
SSD_RF	20.4326	2.30199	11.928	0.00134533	-0.00158094	-0.00503998	0.0157648	-0.880249	-0.263085	-0.394588	0.00215523	-0.0117257	0.0237059
SSD_RF	2.46877	4.02881	24.1942	0.00481756	-0.00197655	0.00206634	0.244733	0.483335	0.380729	-0.749359	0.0213282	0.0164284	-0.0322532
SSD_RF	10.1491	4.24825	17.9269	-0.00290812	0.00643903	-0.00304214	0.472403	-0.850833	-0.20913	-0.0958242	0.000991574	-0.0101459	-0.0445294
SSD_RF	1.73371	6.49433	14.8889	-0.00714572	0.00241943	-0.00108581	0.115495	-0.352322	-0.324983	0.870009	0.0191815	-0.00218765	-0.00808194
SSD_RF	4.16696	-0.577743	16.9124	-0.00626826	0.00165485	-0.0045426	0.368101	0.156951	0.292866	0.868388	0.013841	-0.00290652	-0.0110321
SSD_RF	1.30972	15.725	16.8636	-0.00499515	0.00240458	0.0032498	0.89896	-0.231384	-0.370651	-0.0308262	0.0103849	0.00534141	-0.0169165
SSD_RF	3.06656	5.33839	17.5711	-0.00700476	-0.00549139	0.000931084	0.635062	0.203369	-0.308879	0.678182	-0.00688106	-0.0076911	-0.0251027
SSD_RF	1.46255	18.4196	19.0429	0.00354628	-0.00202598	-0.00176499	0.340635	-0.762848	0.458039	-0.303696	-0.00348429	-0.00859205	-0.0361671
SSD_RF	15.9615	15.5561	9.02594	-0.0024184	0.00374108	0.00405375	0.103985	0.904428	0.123628	-0.394859	0.0165272	-0.0110307	0.00344339
SSD_RF	0.435625	18.199	-3.18445	-0.00473757	0.000807703	-0.00246612	0.504976	-0.544994	-0.607827	-0.280226	0.00799079	0.0220362	-0.0106428
SSD_RF	8.0005	16.7625	3.81378	-0.00131045	-0.00132276	-0.00815668	0.859339	0.0895473	-0.492817	0.103196	0.00820486	0.0135311	-0.00489426
SSD_RF	13.7403	12.7284	1.14076	4.92128e-05	-0.00105476	-0.00179609	0.302203	-0.544325	-0.772811	0.123068	-0.0282763	-0.0109128	0.00592235
SSD_RF	4.28368	7.82002	-2.224	0.00220499	-0.00389209	-0.00217533	0.636657	0.377781	-0.670928	-0.0424737	-0.00860958	0.014072	-0.0168718
SSD_RF	-2.87462	17.5395	1.90266	-0.00650058	0.00637343	0.00213559	0.719938	0.231702	0.567505	0.325485	0.00169133	0.0126188	-0.00287528
SSD_RF	15.6988	21.1548	3.23391	-0.00147395	-0.00157457	-0.000573533	0.145347	-0.277681	0.436934	0.843123	-0.0228842	0.00717075	0.0130193
SSD_RF	4.56953	2.61308	16.5096	-0.0002982	0.00317386	-0.00231318	0.479375	0.616362	0.11191	0.614633	0.0142756	-0.0057648	-0.0130867
SSD_RF	7.3047	15.3397	5.81703	0.000418374	-0.00616352	-0.00353301	0.839882	0.464319	0.105262	-0.260627	-0.019214	-0.00887465	-0.0233983
SSD_RF	-2.77704	13.8845	15.871	9.14429e-05	-0.00191342	-0.00168401	0.0369141	-0.0680718	-0.898374	-0.432352	0.0164996	0.0118501	-0.0143862
SSD_RF	10.8994	13.918	7.61132	-0.00435828	-0.0013984	-0.00330947	0.0770802	0.125351	-0.342114	-0.928064	-0.010379	-0.00186449	0.00968979
SSD_RF	9.02264	22.9362	11.6358	-0.000796402	-0.000861451	0.00229339	0.827885	-0.253201	-0.145099	0.479	-0.0104517	0.00998356	-0.000608056
SSD_RF	12.448	17.5621	13.3683	0.00649079	0.00789849	0.000650664	0.604196	-0.096635	0.378922	-0.694282	0.0235417	-0.0108894	0.0207118
SSD_RF	4.73757	15.4951	14.3178	0.0023326	-0.00193386	-0.00134202	0.62662	0.374305	-0.498478	0.467721	-0.00537723	0.0146985	-0.0353168
SSD_RF	4.22474	25.9953	7.66588	0.00304522	0.00180473	-0.002846	0.828407	0.0125181	-0.530332	0.179813	0.0637313	0.00317633	0.0109073
SSD_RF	3.42795	24.874	12.3359	-0.00158341	0.00129087	-0.00795032	0.461841	-0.131688	-0.605888	0.634241	0.0138061	-0.00208259	0.0217084
SSD_RF	10.1734	17.1301	16.3002	-0.00436031	-0.00188828	-0.0104656	0.670804	-0.370596	0.470237	-0.437673	-0.00723562	0.0245182	-0.00514503
SSD_RF	4.03931	0.0762126	19.4	0.00322095	-0.00158477	-0.00867074	0.904392	-0.263165	0.291129	0.167524	-0.0230665	-0.0170396	0.00636098
SSD_RF	7.01885	2.04193	27.208	-0.00146474	0.00238909	-0.000759789	0.23098	-0.0161546	-0.23584	-0.943804	0.0129191	0.00316964	0.0194031
SSD_RF	12.5978	1.43343	23.393	0.00284266	0.00470222	0.000335586	0.373332	0.161782	-0.913024	0.0289399	-0.000168907	0.00465384	0.0103192
SSD_RF	6.19981	-2.38561	15.7312	-0.00736954	-0.00117336	0.00280206	0.25515	0.331828	-0.851847	-0.314874	0.0321555	0.000776624	-0.0138166
SSD_RF	13.101	3.3669	11.9952	-0.000274985	-0.000463751	0.00247935	0.260301	0.511347	0.500131	-0.648565	0.0310027	-0.00234095	0.0245855
SSD_RF	15.7124	5.81314	17.0326	0.00265771	-0.000784176	-0.00393546	0.231856	0.0410509	-0.675987	-0.698283	0.048826	-0.0163627	-0.0149656
SSD_RF	6.91742	-1.25505	28.5756	0.00264538	0.00277859	0.000916177	0.385404	-0.629378	-0.20867	0.64172	-0.0435655	-0.00043078	0.0121637
SSD_RF	7.89051	-1.45798	17.3276	-0.000168361	-0.00309782	-0.00892616	0.312122	0.595513	0.722531	-0.160912	-0.0043515	-0.0182957	-0.0447805
SSD_RF	6.78455	8.024	14.5758	-0.00232372	-0.00473065	0.000128475	0.649846	-0.0208491	-0.595118	-0.472335	0.0249291	0.00419902	0.0226464
SSD_RF	11.6513	0.694204	20.0019	-0.00494206	0.00427379	0.00257502	0.26941	0.112493	0.645213	-0.706019	0.0219561	-0.00578554	0.0102425
SSD_RF	10.6558	7.19024	20.7262	0.00135742	0.00437159	0.000341247	0.483625	0.647663	-0.201751	0.553114	-0.0316638	-0.0105518	0.00588013
SSD_RF	3.57685	10.0533	7.90833	0.00766961	-0.00155646	0.00588977	0.41199	-0.85275	-0.321063	-0.000764711	0.00151059	0.0174096	0.0243668
SSD_RF	9.12979	7.30965	-6.62408	0.00586778	0.00514741	1.17335e-05	0.586266	0.394182	-0.606548	-0.364707	0.0390134	0.00508107	-0.00746522
SSD_RF	11.3839	13.5632	-0.345651	0.00365902	0.00482523	0.00265251	0.369662	-0.895599	-0.150602	0.196396	0.0135251	0.0010424	0.0246332
SSD_RF	8.45452	14.3789	-0.479292	0.010718	-0.00099847	0.00357502	0.381265	0.520538	-0.491954	-0.584515	0.0296265	0.00822124	-0.00505996
SSD_RF	4.92955	10.3423	1.42254	0.00314665	-0.00038146	-0.00464658	0.73526	0.348495	0.579996	0.0393506	-0.031344	0.00745343	0.00447553
SSD_RF	15.0124	15.7862	12.1505	-0.00111389	0.00422462	-0.00181095	0.535031	0.511196	-0.590427	0.322206	-0.00513454	-0.00385752	-0.0212485
SSD_RF	13.9652	16.9686	1.77138	-0.00719416	0.00199275	0.00312243	0.714147	0.156631	0.592539	-0.338171	0.00154983	0.00676823	-0.00802056
SSD_RF	5.23683	11.3972	4.52377	-0.000837525	-0.00370564	-0.00348533	0.47506	0.748756	-0.267966	0.376666	-0.0150637	0.00390369	0.0184511
SSD_RF	10.0496	10.7817	11.035	0.00149383	-0.00710446	-0.000454134	0.478391	0.632588	-0.0210585	0.608713	-0.016975	-0.00154493	0.0014707
SSD_RF	-0.524386	16.6481	5.28262	0.000758647	0.00331556	-0.00399821	0.166786	-0.0184595	0.764265	0.622688	0.00825917	-0.007539	-0.0274445
SSD_RF	20.2119	23.1713	6.82865	0.0030208	-0.000486611	0.00451827	0.0782395	-0.348496	-0.647771	0.672921	0.0110927	-0.000218774	-0.0186961
SSD_RF	8.9705	21.5677	19.1673	0.0058237	-0.000476207	0.00473447	0.462884	-0.183689	0.858396	0.123096	0.0371335	-0.00322795	-0.000312647
SSD_RF	15.1874	15.2959	5.60848	0.0028896	-0.000301111	0.00421422	0.242696	-0.918672	-0.0505831	0.307541	0.0124228	0.00452087	0.0114864
SSD_RF	12.7187	11.303	10.8653	-0.00939725	0.00275091	0.00558751	0.0971256	-0.267251	0.719624	-0.633471	0.00873138	0.0113528	-0.0151547
SSD_RF	20.0468	14.5568	11.404	0.00176969	0.00073725	0.0025726	0.705263	-0.250705	0.111726	0.653658	-0.0225803	-0.0115727	-0.0130533
SSD_RF	9.6325	11.4887	18.4741	-0.00273107	0.00353361	-0.00374354	0.788671	-0.462558	0.30034	-0.271725	-0.0295944	-0.0150955	0.00805142
SSD_RF	16.8468	16.6975	15.8634	0.00669416	0.0112687	-0.00471646	0.0918186	0.0115028	0.807672	0.582326	-0.00545175	0.00488802	-0.00490701
SSD_RF	10.9939	1.8797	8.19477	-0.00331493	0.00327147	0.00114576	0.0526563	0.778585	-0.595705	0.190177	-0.032989	-0.0187131	0.0206621
SSD_RF	20.6489	0.763857	5.26209	0.000500934	0.00403049	-0.00419332	0.392939	0.888104	0.199181	0.131136	-0.00103134	-0.0207566	0.0147925
SSD_RF	11.9683	-0.955719	2.65345	0.00040472	-0.000730899	-0.00172021	0.730555	0.472133	-0.349663	0.348017	0.00713731	0.00355445	0.0153445
SSD_RF	15.933	-8.28672	2.00358	-0.00316644	-0.00527161	0.00267177	0.449536	0.383942	-0.490208	-0.64047	-0.0181609	0.00758576	0.00306105
SSD_RF	14.4905	-1.87312	4.61861	-0.00289582	0.00336823	-0.000593312	0.167708	0.253786	0.876138	0.373965	-0.00244353	0.00584436	-0.0227478
SSD_RF	18.9048	-1.57048	7.48411	-0.00102224	-0.00165169	0.00269783	0.37726	0.46658	-0.22875	-0.766584	0.0156351	0.0128647	0.0138189
SSD_RF	16.7595	9.16587	4.66542	0.000854279	-0.00226983	-0.00508561	0.515431	-0.676315	-0.217227	-0.479313	-0.0133426	-0.0104237	0.0259343
SSD_RF	10.7932	0.661144	10.7298	0.0027894	0.00180975	0.00213623	0.285165	-0.245643	-0.922151	-0.089323	0.00857368	-0.00049892	-0.0201698
SSD_RF	15.9411	0.316453	8.6649	0.000872014	-0.00271388	-0.000546661	0.630962	0.18748	-0.212198	0.722296	0.0148521	0.00269961	0.0161837
SSD_RF	15.9201	2.66785	6.14184	-0.00115445	0.00606576	-0.00205954	0.926227	-0.222583	0.239639	0.18744	-0.00662042	0.00893019	0.00599162
SSD_RF	4.79204	0.583159	22.1126	-0.00311003	-0.00188848	0.000358229	0.202367	0.536276	0.0778527	0.815717	0.0136817	0.00485628	0.00706587
SSD_RF	17.721	5.42219	9.65428	0.0002465	0.00517933	0.00111641	0.551951	-0.247903	0.481029	0.634433	-0.00111217	-0.00313221	0.0168377
SSD_RF	17.8259	-0.584278	23.5444	0.00720751	-0.00399943	0.0047961	0.0124149	0.131275	-0.400454	-0.90678	0.0226835	-0.00378483	-0.0149544
SSD_RF	21.7803	0.579994	15.3224	0.00479791	-0.00272887	-0.00157907	0.471034	-0.0616287	0.803226	-0.359383	0.0354728	0.0186107	-0.00276759
SSD_RF	5.29094	9.91515	15.8941	0.00219735	0.00259708	0.00228592	0.400473	-0.0783248	-0.143996	0.901528	0.0064443	0.0100427	-0.00691857
SSD_RF	18.2691	0.566909	10.0138	-0.0017075	0.00059765	-0.00379542	0.857609	0.0755403	0.448024	0.240987	-0.0228454	-0.00392456	0.0192415
SSD_RF	15.3595	3.72608	1.72732	-0.00303287	-0.002771	-0.000748294	0.068924	-0.750166	-0.636794	0.1643	0.0184619	0.00317673	0.00621493
SSD_RF	18.9415	3.46133	-2.95892	0.00101702	-0.0024146	-0.00165337	0.284769	0.871075	-0.399563	-0.0220206	0.0123313	-0.00585828	-0.000985562
SSD_RF	16.6562	8.30821	-3.35041	-0.00151259	0.00699723	-0.00246147	0.583617	-0.317615	0.50495	0.550942	-0.0217295	-0.00433965	0.0168424
SSD_RF	8.84406	-2.49525	1.13607	0.00318822	0.00841423	0.00463484	0.573561	-0.254906	-0.457951	0.629549	0.030184	-0.00548969	0.0120228
SSD_RF	13.1589	2.03974	6.3904	0.00425843	0.000968862	-0.00361748	0.132464	-0.414382	0.852441	-0.289975	-0.00168982	-0.00180922	-0.00380196
SSD_RF	26.4459	4.57622	8.27481	0.0044833	0.0010463	0.00639782	0.626987	-0.486439	0.38221	0.473477	-0.0184498	-0.00357411	0.0189832
SSD_RF	13.3803	10.4981	7.38568	0.00370237	0.000439778	-0.00547321	0.507362	0.503926	-0.274948	-0.642687	0.029952	0.0107607	0.00364022
SSD_RF	20.9207	4.67691	10.5827	-0.00123725	0.00479974	-0.00569798	0.130081	0.309836	-0.89111	-0.304964	0.00225047	-0.00798688	-0.01001
SSD_RF	12.9705	3.05703	20.1678	-0.00364972	-0.00306169	0.00387173	0.0216504	0.500668	0.527242	-0.686206	0.00965863	-0.00580756	0.00311779
SSD_RF	21.0671	9.79621	10.0412	-0.000493054	-0.00358799	0.00406603	0.440704	-0.763241	0.24575	0.403547	0.00498729	-0.00513011	0.0165302
SSD_RF	13.11	13.8309	11.8711	0.000568103	-0.00209896	-0.00260151	0.260071	0.373359	-0.890462	0.00662869	0.00316755	-0.0033974	0.0145843
SSD_RF	16.0659	10.8475	6.9812	0.00239217	0.000866823	-0.00128863	0.42884	0.170096	-0.680678	0.56907	0.000972332	0.00690319	0.0116518
SSD_RF	12.7927	-3.51535	15.9372	0.000293391	-0.00202281	-0.000625915	0.874625	0.346606	0.338009	0.0254127	-0.00070378	-0.00530818	-0.000810502
SSD_RF	6.93807	11.4303	17.5903	0.00152799	-0.00555024	0.00195285	0.438855	-0.560821	0.633533	-0.302525	0.0181772	-0.0123154	0.0184261
SSD_RF	13.2392	6.15134	31.5972	0.00379292	-0.000978231	0.00155247	0.316033	0.0302279	-0.772097	0.550524	-0.0249385	-0.00373111	0.0273604
SSD_RF	17.9537	14.127	6.03489	0.00493169	0.00266621	-0.00580714	0.562731	-0.406704	-0.592251	-0.408857	-0.00379543	0.00464247	-0.00722877
SSD_RF	21.7308	-1.91485	-6.21913	0.00555875	-0.00136538	-0.00523582	0.60406	0.599879	-0.167431	0.497216	0.0185088	0.00166448	-0.00481113
SSD_RF	22.2264	5.97009	2.39169	-0.000509524	0.00288581	0.000601915	0.600287	0.504137	0.0813156	-0.61554	-0.0520029	-0.00457159	-0.0393783
SSD_RF	14.5538	11.1384	-5.72282	0.00219172	-0.00649673	0.00238622	0.517071	0.30647	0.71638	-0.354279	0.0148264	0.00852338	0.0183523
SSD_RF	18.7648	2.68418	0.0719418	0.000426746	0.00171997	0.0090556	0.549176	0.253427	-0.76131	0.233641	-0.00300277	-0.0163912	0.00244381
SSD_RF	17.6871	7.06561	6.52432	0.00518283	-0.00320272	0.00621563	0.0447764	-0.320428	0.944853	0.0507303	-0.00618789	-0.0148917	-0.0192395
SSD_RF	14.5963	9.93957	-1.80612	-0.00214532	0.00608396	0.00887441	0.55991	0.508471	-0.0842165	-0.648742	0.0190709	-0.0299263	-0.016321
SSD_RF	16.3894	8.70468	1.60216	0.00411759	-0.00408508	0.000988701	0.824985	-0.149005	0.51461	0.179926	-0.0172433	0.00689422	-0.00386217
SSD_RF	26.6051	4.75197	0.0853708	-0.00107125	0.00190358	0.00177185	0.25318	-0.874116	-0.353895	0.215821	-0.0380737	-0.0241703	-0.00118553
SSD_RF	19.6667	7.08756	10.6445	0.00189873	-0.00324429	0.00584954	0.733365	-0.645497	0.0811685	-0.197285	0.0262226	0.00375758	0.0147734
SSD_RF	19.3924	16.5696	0.859892	0.00379666	0.00668676	-0.0034517	0.128341	0.15382	0.959089	-0.200041	0.0229269	0.00840642	0.0425016
SSD_RF	11.2683	8.53434	11.8621	0.00324267	-0.00215121	-0.00140231	0.646455	0.443947	0.32128	-0.530836	0.0160309	0.00116619	-0.0380666
SSD_RF	6.617	2.48873	21.641	-0.00693531	-0.000381731	0.000741035	0.0685037	-0.114282	-0.672954	-0.727585	0.00078601	0.00852206	0.0195857
SSD_RF	14.6363	4.42862	14.2068	-3.58182e-05	-0.00322475	-0.00320901	0.0271851	-0.861545	0.494817	-0.110263	-0.00661452	0.0133401	0.00589093
SSD_RF	12.993	6.44203	15.4193	0.00103201	0.00826552	0.00263618	0.248167	0.641065	0.437658	-0.579573	0.0103782	0.00269067	0.0313456
SSD_RF	12.8605	8.90842	19.9623	-0.00307486	0.004251	0.00315141	0.9448	0.258286	-0.175035	-0.100018	-0.0058431	0.0127982	-0.00701304
SSD_RF	6.52947	15.2268	17.5547	0.00629525	0.0114412	-0.00396218	0.0909477	-0.702557	0.441749	0.550454	0.0278321	-0.00170976	0.00149377
SSD_RF	20.9421	7.86524	-1.93809	-0.00500618	-0.00144364	0.00392556	0.792912	0.228573	-0.366506	-0.429789	-0.0018385	-0.0147964	0.0152106
SSD_RF	21.3847	19.5345	7.89675	0.00174071	-0.000481111	0.00565669	0.265972	-0.33549	-0.868505	0.249809	4.82706e-05	0.000448545	0.000122284
SSD_RF	13.2752	19.3692	-3.12613	0.000705593	-0.00138708	0.000355074	0.993819	-0.0137952	0.0175763	0.10874	0.0148141	-0.0164924	0.000362864
SSD_RF	10.5607	16.0804	-0.752026	-0.00133884	0.00329416	-0.00614149	0.320578	0.416568	-0.587566	-0.615197	0.0109618	0.0155748	-0.00762268
SSD_RF	13.2675	16.2066	8.32648	-0.00505503	-0.000117514	-0.00108786	0.312097	-0.49277	-0.767327	0.266426	0.0104438	0.0140948	-0.0152678
SSD_RF	22.0792	21.3715	2.73666	0.00300192	-0.00337447	-0.00379122	0.236534	0.861453	0.299098	0.335395	0.0160755	0.0112339	-0.023702
SSD_RF	21.799	26.5702	6.00603	0.00374127	-0.00903835	-0.000948111	0.114416	-0.729576	0.00388483	0.67425	0.0166	-0.00132164	0.00152288
SSD_RF	15.9494	18.8233	-0.364564	-0.00263842	0.000674204	-0.0025261	0.33101	0.0498979	-0.172359	-0.92641	0.0129237	-0.00106287	0.0275202
SSD_RF	12.443	16.7713	5.85378	-0.00331267	-0.00293579	-0.00297338	0.366054	-0.644396	-0.62567	-0.243506	0.00716802	0.00549753	0.00507942
SSD_RF	26.116	19.9291	12.5511	0.00350934	-0.0014402	0.00121228	0.241562	0.305995	-0.458443	0.798652	0.0261524	-0.00224176	-0.0173936
SSD_RF	18.1525	16.218	12.5045	-0.00409608	0.000128283	-0.00245945	0.272928	-0.37028	-0.0952073	0.882802	-0.00328364	6.14965e-05	-0.0373889
SSD_RF	14.9475	12.9937	8.17932	-0.00132519	-0.00208676	0.00375351	0.347939	0.664442	-0.567846	0.339125	-0.0235854	0.0105114	-0.00516841
SSD_RF	16.834	10.7276	12.5251	-0.00509206	0.00231166	0.000691849	0.111055	0.679245	0.0604221	0.72294	-0.0297282	0.0076249	-0.0041873
SSD_RF	14.9082	18.3483	10.8688	-0.0066719	0.00453536	-0.00049592	0.708792	0.630401	0.185955	-0.256184	0.00138147	0.00329557	0.00755644
SSD_RF	17.3254	18.3308	13.7709	-0.00440286	-0.00111992	-0.00226382	0.298633	-0.484447	-0.591253	-0.571444	0.0136452	0.0144517	0.0122739
SSD_RF	15.1448	7.21695	19.3758	0.00463784	-0.00625279	-0.00274313	0.387017	-0.317814	-0.415923	-0.759092	-0.0130576	-0.0136592	0.0195508
