501
5000;	24.645	0	0;	0	24.645	0;	0	0	24.645;	0	0	;0	0	0;	0	0	0;	0	0	0;
SSD_E	-3.638035	-22.272648	-3.042889	-0.000186	0.001787	0.002895	0.850313	0.300618	-0.416878	0.113177	0.030261	-0.007365	0.000260
SSD_E	2.040628	-7.016446	-12.448239	0.003595	0.002472	-0.004051	0.677644	0.472192	-0.401016	0.396256	-0.027685	-0.010850	-0.016745
SSD_E	0.675341	16.239664	-10.376750	0.004735	0.000404	-0.002844	0.116367	0.464066	0.109933	-0.871215	-0.043381	-0.010226	0.012861
SSD_E	0.282509	-32.579818	-4.108369	-0.005700	0.001670	-0.001203	0.566618	0.038988	-0.754309	-0.329306	-0.027200	0.006265	-0.004029
SSD_E	-6.218632	-22.225375	-5.431967	-0.006428	-0.005017	-0.002784	0.261944	0.589759	0.139138	-0.751140	-0.007076	0.015884	0.000855
SSD_E	-25.162955	-20.295269	8.986697	-0.002672	0.002828	-0.000183	0.504861	0.689762	0.362191	0.371701	-0.025694	-0.008837	0.003849
SSD_E	-28.213482	4.933025	-12.028894	-0.006926	0.001594	0.003781	0.726780	0.098831	-0.604659	0.310500	-0.002161	0.005243	-0.005715
SSD_E	7.262557	-26.701832	-9.953228	0.001660	-0.003884	-0.000643	0.759873	0.368489	0.090347	0.527869	-0.011030	-0.005007	0.003924
SSD_E	-1.897732	-16.192325	-12.878309	-0.005220	-0.001662	-0.006726	0.211341	-0.768291	-0.395334	-0.456918	-0.007034	0.005966	-0.026290
SSD_E	-16.250234	-8.753953	-7.546764	-0.001257	0.005343	-0.001214	0.578271	-0.392091	0.633220	0.333016	0.017548	0.003214	-0.007715
SSD_E	-20.106791	-20.755576	-21.821459	0.003550	0.003670	0.000445	0.014983	-0.953712	0.297533	-0.041026	-0.007692	-0.015103	0.008450
SSD_E	-4.202500	0.532674	-17.119202	0.002789	-0.004686	-0.003778	0.966150	-0.046524	0.006478	0.253668	-0.000481	-0.029392	-0.002269
SSD_E	-5.362449	-0.518931	-8.830477	-0.001757	0.005987	0.002306	0.643539	-0.633977	0.382475	-0.194020	-0.023263	0.001619	0.003212
SSD_E	15.450215	-9.380763	-17.617995	-0.002384	0.000178	-0.003883	0.749880	-0.368688	-0.321903	0.445116	0.001365	-0.005484	-0.007633
SSD_E	-25.438205	5.938366	-21.207266	-0.003812	0.006148	-0.003836	0.291060	0.441699	-0.294585	0.795868	-0.010056	0.004741	0.014793
SSD_E	20.217184	11.772850	-16.272014	0.001321	-0.001371	0.000690	0.485676	-0.820958	-0.298959	-0.027751	0.028810	0.002389	0.009931
SSD_E	9.858299	-20.162420	3.160067	0.002482	0.001923	-0.001810	0.674011	0.159730	-0.000143	0.721246	0.021710	0.011177	0.029854
SSD_E	4.883603	8.954863	-4.948623	-0.005456	-0.005221	0.000213	0.049753	-0.918775	-0.347245	-0.181100	-0.012079	0.015724	-0.024264
SSD_E	1.991072	18.985228	-31.090879	-0.001480	-0.007663	-0.001683	0.433371	0.577283	-0.682963	0.111785	0.011104	0.027417	0.017696
SSD_E	-8.168622	-12.462667	17.621365	0.004696	-0.002605	0.000700	0.816805	0.506207	0.256574	-0.103700	0.004316	0.005347	-0.002483
SSD_E	3.142958	-39.848924	-22.640702	0.001694	0.000070	0.002740	0.837643	-0.398341	0.248358	-0.279280	0.033258	0.009492	-0.002105
SSD_E	-14.686248	13.077295	-0.040084	-0.000539	-0.002744	-0.000742	0.177265	0.565131	-0.799609	0.099145	-0.040742	-0.001580	-0.008149
SSD_E	-10.453848	-12.162004	-19.268453	0.003930	-0.004557	0.001411	0.881764	0.371786	-0.196185	0.213960	0.000547	0.000618	0.011592
SSD_E	-31.440382	-27.503150	-5.219683	0.006439	0.001289	0.000772	0.136601	-0.730768	-0.641802	-0.188171	0.015475	-0.010560	0.020417
SSD_E	-12.142053	4.638459	-9.920876	-0.000356	0.000278	-0.000223	0.468487	-0.388720	-0.356680	0.708658	0.012682	-0.009033	0.005127
SSD_E	-13.690341	6.303281	0.975686	-0.003827	0.002787	-0.005065	0.636742	0.580330	-0.294940	-0.413263	0.014389	0.009994	0.004537
SSD_E	-9.403242	0.518514	14.060971	-0.005317	-0.004600	-0.000023	0.392082	0.749953	0.001829	0.532766	-0.000373	-0.000612	-0.026987
SSD_E	19.176837	-0.941177	-12.101097	0.001164	0.001700	-0.000015	0.302042	-0.711879	-0.192263	-0.604181	-0.007062	0.004031	0.031280
SSD_E	12.214487	-0.351880	-20.292315	-0.004634	-0.001737	0.008235	0.960760	0.025270	0.275831	-0.014812	-0.003271	-0.018040	0.015278
SSD_E	-16.291944	-2.695091	-16.125949	-0.002520	0.005893	-0.001231	0.258471	-0.166858	0.370812	0.876270	-0.019117	0.004743	-0.015255
SSD_E	8.827880	6.428923	-13.399018	0.002844	0.000335	0.002210	0.263925	0.430290	0.734678	-0.453258	-0.011233	-0.009777	-0.024916
SSD_E	-11.120458	-15.044858	-16.829232	-0.003470	-0.000885	0.003638	0.103388	0.173050	0.916953	0.344328	-0.027728	-0.005380	-0.002621
SSD_E	6.833088	-13.438882	-2.733775	0.005878	-0.002090	-0.002936	0.499635	0.518454	0.643655	0.259380	-0.012244	-0.003641	-0.000040
SSD_E	13.290516	-21.182266	-3.025987	-0.000574	-0.006803	-0.004658	0.326160	-0.248672	-0.763269	-0.499202	-0.005108	0.004486	-0.000203
SSD_E	-3.931494	-13.187486	-4.626204	-0.000694	-0.006475	0.000422	0.464417	-0.738481	0.423492	-0.244166	0.031400	-0.002813	0.016187
SSD_E	20.413553	-8.577190	-4.737951	-0.005302	-0.001726	0.003023	0.473328	-0.724236	-0.447057	0.227117	-0.034442	0.001268	-0.008592
SSD_E	20.030379	-33.488481	4.902179	0.009001	0.000845	0.003492	0.479946	0.184099	0.113677	-0.850198	0.010026	0.004807	-0.003563
SSD_E	3.133419	-2.004016	-21.160830	-0.001977	-0.001719	0.001643	0.046941	-0.200916	-0.718272	-0.664466	0.029736	-0.000676	-0.001640
SSD_E	0.668132	7.039973	-8.795608	0.005318	0.000108	0.001324	0.238034	0.365487	-0.879090	0.192253	0.038228	-0.002595	-0.000018
SSD_E	33.227799	-20.277081	-23.809333	-0.000542	-0.000607	-0.006716	0.915848	0.388296	0.093833	-0.040556	0.017217	-0.008776	0.008228
SSD_E	-16.227077	-2.515179	-6.734853	0.005764	0.002909	-0.000723	0.107433	0.737474	-0.640019	-0.186992	-0.018881	0.008210	0.039322
SSD_E	5.841282	-11.383211	1.485685	-0.000727	0.002873	0.001928	0.645422	-0.513462	-0.548512	0.137559	0.007644	0.012832	0.010169
SSD_E	-19.638751	15.799210	-14.556653	-0.002143	-0.000311	-0.001058	0.123528	-0.440653	-0.638578	-0.618696	0.001649	0.003008	0.015401
SSD_E	-11.952139	-24.022947	-11.769580	0.003129	0.001765	-0.003643	0.797085	0.003898	0.592050	0.118816	0.001488	0.003102	0.009087
SSD_E	-25.022456	-12.274836	1.440595	-0.001894	-0.000350	0.001146	0.358484	-0.447457	-0.812020	0.109060	0.003362	0.016828	-0.011998
SSD_E	3.305878	-2.621067	-13.701279	0.004485	-0.002953	-0.001666	0.360191	0.402458	0.029387	-0.841086	-0.009965	-0.000463	-0.009070
SSD_E	0.243270	-10.306440	-8.483209	0.001188	-0.002164	-0.000263	0.527368	-0.210131	-0.438161	0.696952	-0.014237	0.015564	0.006811
SSD_E	-19.849713	-1.136431	-15.658752	0.002612	-0.002780	0.003370	0.923328	-0.145668	-0.135666	-0.328393	-0.027749	0.011302	-0.006868
SSD_E	-20.045623	3.256167	-16.362804	-0.001395	-0.000895	-0.001644	0.488465	0.767481	0.287001	0.300010	-0.036648	-0.017510	0.018587
SSD_E	-20.578103	-18.297163	-6.484165	0.001363	-0.003117	-0.007640	0.054174	0.675797	0.430141	-0.596105	0.018604	-0.001559	-0.041435
SSD_E	0.653309	1.148493	-4.505502	0.003443	0.000349	0.011195	0.891318	0.407790	0.141803	0.138392	-0.014886	0.007947	0.007146
SSD_E	-9.299782	22.471647	14.855413	-0.002274	0.000600	-0.002135	0.492692	0.592178	-0.592885	0.234666	0.011234	0.015306	0.020979
SSD_E	-1.875760	-6.831163	-5.051874	-0.001910	-0.004239	0.002316	0.841485	-0.040345	-0.522556	-0.131188	0.002035	0.004002	-0.016510
SSD_E	8.096192	-10.908950	-21.650500	0.002903	-0.003813	0.001479	0.291843	0.746667	0.463075	-0.377992	-0.033087	0.003484	0.000120
SSD_E	24.294951	-6.452191	-7.359882	-0.000041	0.000230	-0.000863	0.250221	0.576497	-0.092576	-0.772315	0.016733	0.003973	-0.006761
SSD_E	6.993228	21.095687	-18.452459	0.001261	0.001801	-0.004609	0.092657	0.189614	0.497548	0.841372	-0.018083	0.003827	-0.035194
SSD_E	12.683543	20.986989	-30.808129	0.005622	-0.005495	0.008122	0.207997	-0.583433	-0.683764	0.385758	-0.010179	-0.002114	0.057748
SSD_E	15.158669	-7.154599	-14.910517	-0.001063	-0.001718	-0.000225	0.161235	0.523212	0.558967	0.622743	-0.008267	0.014437	0.014808
SSD_E	-4.054728	15.854298	-8.735800	-0.003509	0.005645	0.003316	0.297626	0.196689	-0.081229	-0.930663	0.028999	-0.019275	0.008902
SSD_E	45.261705	-5.436742	-1.952761	-0.006271	0.000687	0.002694	0.541457	-0.400621	0.721861	-0.158880	-0.009272	-0.000364	0.002457
SSD_E	-22.636453	29.340211	-23.555066	0.002167	0.003112	0.002578	0.328687	-0.356047	0.755067	0.441667	-0.005559	0.023813	-0.025329
SSD_E	4.279914	6.784597	7.564613	-0.000298	-0.000808	-0.000233	0.971454	-0.083230	0.221715	-0.013885	-0.030529	-0.006371	0.012446
SSD_E	-19.334631	15.609382	4.021094	0.002039	0.001091	0.000494	0.403924	-0.799715	-0.326415	0.301256	-0.022850	0.001092	-0.012227
SSD_E	-8.963130	3.571050	2.561697	-0.000409	0.002072	0.004725	0.127803	-0.509032	0.818970	0.232038	-0.001613	0.002268	-0.019256
SSD_E	-7.197238	37.626502	-2.739323	0.007263	0.002272	0.000136	0.153794	-0.625112	0.436137	0.628783	-0.020238	-0.003023	0.011738
SSD_E	-6.760539	19.707281	-12.632320	0.010378	0.000868	0.000426	0.165284	-0.801889	-0.471223	-0.328030	0.016145	0.005149	0.032510
SSD_E	14.413073	34.088541	-19.420206	-0.000534	0.000112	0.005442	0.578274	0.432319	0.681830	-0.117508	-0.002004	0.003652	-0.024435
SSD_E	1.845193	4.478104	-12.619586	-0.000893	0.001344	-0.005493	0.153060	-0.495879	0.837212	0.172490	-0.024184	-0.015204	-0.007529
SSD_E	-5.565392	-4.507955	-6.920342	-0.000474	-0.002605	-0.002695	0.148514	-0.123502	-0.957538	0.214038	0.008264	-0.005370	-0.008292
SSD_E	-3.435318	4.268871	-16.141688	0.001326	-0.001347	0.003690	0.347556	-0.239846	-0.084108	-0.902554	-0.018646	-0.008411	-0.001628
SSD_E	-8.721032	9.832822	-5.642063	-0.002499	0.000970	-0.003490	0.535878	0.314100	0.071002	0.780470	0.005614	0.009150	-0.007199
SSD_E	-7.526200	-4.963823	-3.914391	0.000326	-0.000293	0.003009	0.384124	-0.566068	-0.703822	0.191442	-0.001402	0.003162	0.009170
SSD_E	3.248852	16.967002	-8.043615	-0.001370	0.000505	-0.003507	0.089750	0.026741	-0.743200	0.662483	0.012938	-0.008731	0.008001
SSD_E	2.887395	24.131446	-23.370846	-0.008828	0.000814	-0.000879	0.422393	-0.782114	-0.282798	-0.360426	-0.009232	0.010090	-0.014793
SSD_E	3.981753	16.037685	-22.840088	0.001380	0.004257	0.004459	0.560068	0.199915	-0.793375	0.130056	0.010974	-0.006676	-0.029286
SSD_E	3.795238	-10.714104	-3.913706	0.000644	-0.002607	0.001227	0.049784	0.525893	-0.207213	0.823421	0.001683	0.000787	0.017425
SSD_E	7.810788	16.001090	-14.577228	-0.008403	0.000583	0.000618	0.395352	-0.031423	0.825134	-0.402321	0.029007	0.015390	0.001486
SSD_E	7.163213	-11.085631	-30.613121	0.000741	-0.005122	-0.001823	0.661573	-0.653022	0.113262	-0.350792	0.004727	0.010468	-0.006731
SSD_E	15.268319	-2.703994	-17.790995	-0.001981	-0.000117	-0.005653	0.503313	-0.829064	-0.208170	0.126468	-0.031055	-0.010022	-0.001951
SSD_E	17.005188	11.464858	2.511671	-0.007433	-0.001641	0.003341	0.492537	0.599403	-0.386490	-0.498747	-0.013234	0.008720	0.025885
SSD_E	4.116533	8.789258	-15.397846	0.000345	-0.001083	-0.000097	0.578593	-0.478845	0.427492	0.503179	0.022392	0.006919	0.000381
SSD_E	-18.337037	27.276051	-5.042138	0.001607	0.000886	-0.004346	0.226168	-0.466033	0.776192	0.359426	0.018302	0.013441	-0.000100
SSD_E	-11.786411	28.230315	-16.002678	0.004761	0.000723	0.007141	0.088444	-0.382612	-0.919143	0.031020	-0.028496	-0.001313	-0.021391
SSD_E	-23.163308	14.868124	-27.157989	-0.000677	0.010358	-0.003402	0.041840	-0.411089	0.909719	0.040830	0.042638	-0.000893	0.002814
SSD_E	-3.996539	12.412390	-19.476690	-0.001551	0.006290	0.000072	0.325638	0.373847	-0.855362	0.150182	0.006161	0.007443	-0.022926
SSD_E	21.014648	-6.354303	-19.363035	-0.001422	-0.003277	-0.000175	0.096755	-0.134502	-0.939308	0.300415	-0.017595	0.017148	0.020869
SSD_E	2.051976	12.673360	-15.546179	0.006122	-0.002982	-0.004467	0.121411	0.572517	0.747260	0.314780	-0.011586	-0.022552	-0.012158
SSD_E	-30.936195	5.128316	-15.001232	0.001439	-0.000546	-0.001168	0.795120	0.298285	-0.126345	-0.512686	-0.012553	0.003124	-0.001358
SSD_E	-2.709083	13.850166	-4.766290	0.005764	-0.002407	0.000133	0.607090	-0.661293	0.017304	0.440266	0.025313	0.001488	-0.044520
SSD_E	-4.118184	19.481148	2.774628	-0.003199	-0.006558	0.003128	0.247047	-0.146335	0.932403	0.219497	-0.034467	-0.008451	0.001466
SSD_E	-18.344276	3.633939	-10.666585	-0.006653	0.005120	0.001534	0.562535	0.306565	0.369217	-0.673239	0.015550	-0.019668	-0.006173
SSD_E	-5.358732	4.479552	-21.019980	0.002479	-0.000241	0.002849	0.461026	-0.044831	0.469133	-0.751904	0.009262	-0.016630	-0.004959
SSD_E	6.058683	-3.074945	-7.681238	-0.005397	0.001913	0.000346	0.795193	0.200292	-0.572239	-0.009613	0.022167	0.002217	-0.002641
SSD_E	-8.583843	30.688287	-6.777326	-0.004822	-0.000687	-0.004434	0.562537	-0.536888	0.477367	0.409176	0.022625	-0.012897	0.000832
SSD_E	-12.193813	8.689629	-24.145480	0.005722	-0.006151	-0.007161	0.704537	0.295003	-0.644307	0.038342	0.016116	0.002531	0.017936
SSD_E	9.552868	-0.806228	-18.537573	0.003456	0.002653	0.006223	0.632172	-0.505412	0.068351	0.583305	-0.014564	0.018161	0.023931
SSD_E	-2.824483	30.918992	10.379210	-0.004361	0.003667	0.002337	0.932779	-0.069878	0.029298	-0.352396	0.011394	-0.002936	-0.009895
SSD_E	2.268201	20.321461	-4.134189	-0.001236	0.004134	0.000406	0.403543	0.630714	0.662446	0.022774	0.019132	0.013743	-0.003299
SSD_E	0.501932	-2.142106	-38.671037	-0.005856	0.002763	0.001101	0.239184	0.787886	-0.258805	-0.505021	-0.008348	0.004460	0.025833
SSD_E	11.896833	-14.271806	-32.476105	0.000756	-0.000088	-0.008035	0.194640	0.398334	0.820239	-0.361459	-0.011064	0.027296	-0.008175
SSD_E	22.660245	-30.514816	-17.396429	0.000058	-0.001273	0.000567	0.277505	0.499741	-0.817736	0.067516	-0.022997	-0.005398	-0.011539
SSD_E	-15.301191	16.792351	-0.412158	0.006873	-0.004075	0.002115	0.381368	-0.819872	0.151064	-0.399434	-0.008163	-0.007969	0.003645
SSD_E	-16.847352	-32.310614	4.285344	-0.002151	-0.002959	-0.005817	0.429094	0.614002	-0.614303	0.248015	-0.024478	-0.018008	-0.012515
SSD_E	-9.634444	-26.842719	-13.188746	-0.002251	0.001569	0.002013	0.235197	-0.349119	-0.464552	0.779096	-0.002326	0.015377	0.014458
SSD_E	-17.937988	-28.272043	-26.702454	0.007962	0.005457	-0.000228	0.495929	-0.447026	-0.495061	0.556000	0.008938	-0.003782	-0.019051
SSD_E	-13.854802	-20.175154	10.673436	-0.001180	0.000736	-0.005818	0.595725	0.762957	0.017097	0.250431	0.053643	0.007595	0.032092
SSD_E	-30.608077	-4.542072	-0.005031	-0.000401	0.002487	-0.002240	0.310721	-0.492962	0.480358	-0.655513	0.029579	0.004720	-0.005234
SSD_E	-19.553475	-10.687050	-7.905640	0.005191	-0.003366	0.002034	0.093104	0.331093	-0.026965	-0.938606	-0.002109	-0.026310	0.008813
SSD_E	-1.488663	-25.794590	9.022000	0.000459	-0.002950	-0.003122	0.016498	0.926833	-0.323418	-0.190027	-0.021509	0.010855	0.015602
SSD_E	-12.402456	3.551824	4.334874	0.005485	-0.000179	0.001216	0.081146	0.859954	0.034727	0.502681	-0.014132	-0.021455	0.024487
SSD_E	6.140895	-13.956119	-12.693530	-0.003308	-0.004162	0.005419	0.857210	-0.007605	0.507895	-0.084712	-0.054841	0.007500	0.017553
SSD_E	3.634269	-12.995170	-12.527986	0.004399	0.003657	0.000762	0.562877	-0.303417	0.722733	0.262230	0.011985	-0.011998	0.028244
SSD_E	22.833971	-12.059104	-33.147644	0.000662	-0.001218	0.002363	0.702363	0.534100	-0.423911	0.204263	0.012097	0.011672	0.013433
SSD_E	4.542395	-4.066966	8.657713	0.000378	-0.008645	-0.002003	0.714550	-0.182930	0.395235	0.547489	-0.008263	-0.025900	-0.032933
SSD_E	-4.284064	-5.330431	-14.042456	-0.001180	-0.003166	-0.001155	0.648527	0.361078	0.617120	-0.261148	-0.004113	0.016790	0.003774
SSD_E	17.346106	-10.442149	-8.931386	0.002725	-0.001580	0.002481	0.481582	0.224414	0.418571	-0.736557	0.040026	-0.001771	-0.012533
SSD_E	14.045572	-10.127323	-12.563083	0.002073	-0.000568	0.004651	0.891518	-0.088280	0.159722	0.414597	-0.007742	0.011469	0.003562
SSD_E	9.642018	-24.034226	13.423861	-0.002460	-0.001177	-0.000173	0.005790	-0.124072	0.349585	-0.928635	0.021466	0.006554	-0.017260
SSD_E	-2.830187	-1.226316	-10.055764	0.000928	-0.002619	0.006997	0.238222	-0.889481	0.296573	-0.253216	-0.028764	-0.000111	-0.016267
SSD_E	5.139012	-24.812756	-13.225207	-0.002138	-0.001498	0.008357	0.790962	-0.096125	-0.132943	0.589462	0.003902	0.011355	-0.054277
SSD_E	-9.327935	-14.635055	-11.840054	-0.000327	-0.000638	-0.003872	0.047686	-0.815550	0.575458	0.038109	0.018449	0.001324	-0.020105
SSD_E	13.085622	-28.118962	-23.710565	-0.004407	-0.001058	0.005478	0.934700	-0.041050	0.167415	0.310841	0.002209	-0.011925	0.003387
SSD_E	-37.165440	12.769340	-13.871387	-0.001808	-0.001124	-0.005717	0.684304	-0.486040	0.296063	-0.455894	-0.017335	-0.002941	0.029540
SSD_E	-18.321137	-0.592576	5.150827	-0.003800	-0.001839	-0.003837	0.669145	-0.708673	0.182312	-0.129574	-0.009799	-0.010669	-0.001355
SSD_E	-15.739763	-16.640206	-17.680164	-0.005239	0.002513	0.000075	0.630628	-0.518192	0.419581	0.397161	-0.034081	-0.000948	-0.008445
SSD_E	21.430147	10.911648	10.674040	-0.004999	0.007244	-0.000961	0.266952	-0.873399	0.402225	0.064230	0.007062	0.017130	-0.020634
SSD_E	-3.242446	2.325668	2.969577	-0.002011	0.005713	-0.001212	0.275351	-0.318330	-0.702883	0.573414	-0.028951	0.001509	-0.016277
SSD_E	-15.854429	2.893026	-6.269526	-0.003443	-0.002479	-0.005244	0.837063	0.169057	0.319039	0.411047	0.027386	-0.009585	-0.022500
SSD_E	-5.254766	-18.661219	15.475790	-0.003054	-0.004256	0.003225	0.780810	0.327162	-0.468115	0.253317	-0.027594	0.001190	0.005248
SSD_E	-2.762569	-1.345692	-12.836500	0.000503	0.002468	0.000202	0.349947	-0.013619	0.931659	-0.096760	-0.024867	0.021270	-0.020826
SSD_E	-12.133244	-5.146937	3.373216	0.001189	0.002366	0.000516	0.253702	0.045643	0.506884	-0.822570	0.040387	0.011639	0.011120
SSD_E	3.998453	-1.484365	-5.335516	0.011355	0.004740	-0.000173	0.067910	-0.965992	0.246742	-0.036957	-0.022835	-0.011639	-0.027734
SSD_E	-1.329747	-25.270882	-18.973130	0.006675	0.000151	0.001594	0.262790	0.736432	0.227617	-0.580345	-0.000563	0.016809	-0.020448
SSD_E	22.649299	-17.845650	-10.622968	-0.001829	0.001626	0.001522	0.233096	-0.003674	-0.970853	0.055651	0.009084	-0.007492	0.013550
SSD_E	29.226769	-29.934360	-29.167898	0.000326	0.000352	0.003169	0.482320	-0.101614	0.744228	-0.450739	-0.025112	-0.025307	0.009526
SSD_E	11.281339	-6.262519	-24.090284	0.002564	0.001020	-0.004478	0.766506	0.046151	0.347925	0.537855	0.006061	-0.008556	-0.030176
SSD_E	5.845193	-17.687445	-21.527992	0.002355	-0.003188	-0.005650	0.925042	0.026463	-0.264433	-0.271424	-0.039779	0.006060	0.005694
SSD_E	-1.119663	-25.995465	-5.249796	-0.002349	0.001658	-0.000940	0.475208	0.671996	0.516117	0.237109	0.013990	0.003253	0.008846
SSD_E	22.202324	-2.766168	-7.836307	-0.000212	-0.002762	-0.008195	0.067354	-0.481204	-0.629530	-0.606299	0.022756	-0.013455	0.005881
SSD_E	2.432731	-4.562937	-11.701640	-0.002893	0.003141	-0.003691	0.571312	0.612231	0.452813	-0.306164	-0.018965	-0.022055	0.007201
SSD_E	-10.461236	-2.248062	-29.017944	0.001340	0.004052	0.005068	0.203036	0.187769	-0.646546	0.710984	0.009446	0.010914	-0.023598
SSD_E	4.376927	19.517656	-8.404753	0.002557	0.000257	-0.003750	0.006378	-0.222842	-0.756188	0.615208	-0.025086	-0.000557	-0.022266
SSD_E	1.347100	-6.213797	-19.520166	-0.000091	0.004133	-0.000506	0.888177	-0.134542	-0.323156	-0.297675	0.009869	0.009999	-0.017816
SSD_E	-11.522570	17.057860	-1.918563	-0.001606	-0.004420	0.004044	0.196421	-0.203267	-0.394319	-0.874422	0.022274	-0.006608	-0.018935
SSD_E	-30.678448	-7.026261	-3.080260	-0.000363	0.001503	0.000963	0.700532	-0.590192	0.264915	0.301245	0.001348	0.014129	0.028666
SSD_E	5.007663	1.438680	-23.629202	-0.003293	-0.002833	0.001135	0.004513	0.984769	0.069001	0.159524	0.033074	-0.023564	-0.016654
SSD_E	-19.784157	4.725583	-3.494978	0.001463	0.000274	0.004109	0.935412	-0.162679	0.167977	0.265186	0.004476	-0.014041	-0.019320
SSD_E	-5.477375	9.554856	-15.446748	0.003107	0.002029	-0.002353	0.055821	-0.381541	-0.659296	-0.645475	0.016677	-0.004234	-0.023120
SSD_E	-1.035325	-3.167097	-22.906683	0.005306	-0.004979	-0.005188	0.483064	0.626960	0.273226	0.546734	0.017633	0.002936	-0.008424
SSD_E	-11.905192	13.660527	-3.670491	-0.002066	0.001792	-0.000573	0.152793	0.228868	0.916276	-0.291052	-0.027365	-0.000975	0.001695
SSD_E	1.183121	19.679658	-26.517805	-0.000196	0.000922	-0.002448	0.562123	-0.754480	0.294875	-0.166812	-0.042350	-0.017600	0.026119
SSD_E	-2.554650	-6.629904	1.011661	0.008971	0.006403	-0.002360	0.111240	0.828159	-0.356490	0.417963	-0.006202	0.000570	-0.022454
SSD_E	-1.268281	15.706063	-21.615378	0.001593	-0.007328	-0.002145	0.243398	-0.202643	-0.944283	-0.089570	0.029120	-0.006048	0.009310
SSD_E	1.360065	-11.221289	13.834471	-0.003739	0.002460	0.006789	0.749726	-0.047215	0.347163	0.561390	0.013676	-0.018540	-0.035988
SSD_E	14.643815	19.295844	-4.851709	0.002756	-0.001461	0.001167	0.673949	-0.134698	-0.682360	0.249066	-0.001081	0.005770	0.008672
SSD_E	3.173221	3.339499	-5.319510	0.000252	-0.002745	-0.002358	0.355410	-0.343086	0.010876	-0.869401	0.023634	-0.006947	0.004418
SSD_E	-0.588156	-22.013385	1.186724	0.006902	0.000882	0.003006	0.002705	0.909198	0.072801	-0.409942	-0.009638	0.020581	0.031791
SSD_E	4.483979	11.888940	-18.981883	0.002465	0.008619	-0.001866	0.347957	-0.454900	-0.485926	0.660203	-0.000808	-0.014512	0.000217
SSD_E	8.436478	-15.151673	-7.953565	0.001269	0.000867	-0.006807	0.282183	0.247047	-0.924939	0.061881	-0.004491	0.002842	-0.003975
SSD_E	6.238649	5.159807	-6.114470	0.005012	-0.007197	0.003966	0.642074	-0.523314	0.234578	0.508780	-0.018576	-0.008045	0.033285
SSD_E	-0.596114	7.624340	-17.587140	0.000754	0.000794	0.000625	0.340934	-0.284915	0.037290	-0.895096	-0.015631	0.015785	0.006402
SSD_E	18.161415	-3.063606	-21.409136	-0.000483	-0.005081	-0.000110	0.524610	0.079279	0.721471	0.444948	0.000404	-0.013821	0.000989
SSD_E	-12.487262	-5.270536	-27.560577	0.003626	-0.001405	-0.000172	0.627493	-0.515402	-0.318207	-0.489243	0.005887	-0.016472	-0.007687
SSD_E	19.043843	1.855719	-12.075716	0.003995	-0.003367	0.000793	0.638474	-0.298018	0.129496	0.697687	0.038027	-0.003563	0.006460
SSD_E	-1.023944	-19.377938	-6.852846	-0.001366	-0.002917	0.002780	0.354754	0.234412	-0.645577	0.634375	0.007531	-0.000582	-0.027355
SSD_E	18.988635	17.222066	-7.000287	-0.000580	0.004163	0.000000	0.636844	-0.483423	-0.600532	0.009645	0.032793	0.017057	-0.006789
SSD_E	-5.140536	7.708987	1.853967	0.000966	-0.009785	0.001740	0.817774	-0.387699	0.374010	0.202610	0.010040	-0.009590	-0.022565
SSD_E	-21.979964	-20.244460	4.605555	0.000287	0.001291	-0.003960	0.239211	0.696578	0.675279	0.039424	-0.000162	0.030345	-0.009264
SSD_E	8.459438	-1.937957	-4.019554	0.001195	0.002819	-0.003833	0.174057	-0.952585	-0.167582	0.184938	0.004457	-0.002833	0.003628
SSD_E	-8.138572	-4.609618	-10.504884	0.004049	-0.000137	0.000374	0.542433	0.473559	0.634591	0.280716	0.026570	0.013862	-0.020740
SSD_E	8.049831	12.950209	-11.514048	0.001436	0.004417	-0.002353	0.942684	0.214032	0.087334	0.240647	0.037430	0.012564	0.008541
SSD_E	17.154342	-9.430520	-3.990348	0.002162	-0.004760	-0.002526	0.372599	-0.753707	0.448837	0.302722	0.014313	-0.030755	0.007923
SSD_E	9.651016	4.156658	14.480950	0.004136	-0.005323	0.002531	0.418492	0.492486	0.062423	-0.760543	-0.019068	-0.001586	-0.009977
SSD_E	11.040473	-13.407800	-1.715386	0.002004	-0.004258	0.000372	0.443764	0.847838	0.046379	-0.286520	0.015928	-0.007423	-0.024452
SSD_E	-0.673788	11.858908	4.216821	0.001699	0.005102	-0.001418	0.071069	-0.007465	-0.926257	0.370056	-0.015209	-0.004744	0.001308
SSD_E	-22.656778	16.491443	-0.500789	-0.002870	0.002110	0.001890	0.269127	0.295840	0.908223	-0.123211	-0.001075	-0.018195	0.014379
SSD_E	21.423961	7.644887	-8.177287	0.000629	-0.003307	-0.005677	0.543666	0.728717	0.407695	-0.084761	0.003662	-0.016851	-0.001766
SSD_E	10.883785	14.492215	-22.781222	0.002571	-0.002064	0.005412	0.282595	0.946430	0.105749	-0.115013	-0.001449	0.010681	0.013818
SSD_E	7.578957	-13.567865	19.146365	-0.000171	0.000153	-0.000902	0.483838	-0.296175	-0.799229	-0.198531	-0.031365	0.018696	0.000939
SSD_E	8.328728	6.053805	23.553960	-0.000035	-0.000687	0.003369	0.174798	0.307747	0.028826	-0.934830	0.024210	0.002798	-0.006178
SSD_E	10.120881	4.347893	-3.354380	0.004993	0.006201	-0.000567	0.749343	-0.259242	0.432176	-0.429538	0.029620	0.005937	-0.002865
SSD_E	-7.300355	-15.120472	-19.946561	-0.001780	0.006178	-0.006739	0.312975	0.725718	0.377488	0.482579	0.006875	-0.021624	-0.000524
SSD_E	3.403985	26.492246	-12.619047	0.003825	0.001668	-0.002388	0.492660	-0.141242	-0.857754	-0.039928	0.010766	-0.013129	0.010440
SSD_E	9.406025	18.458386	-13.113489	0.003067	0.003868	-0.003098	0.058293	0.973114	-0.119527	0.188052	0.009558	-0.030223	-0.017160
SSD_E	-19.056764	2.843277	5.551194	0.000952	0.001332	-0.004950	0.028545	0.098274	0.986108	0.130837	0.003376	0.006193	-0.008391
SSD_E	-4.460096	24.725959	-1.879941	-0.002752	0.002831	0.006560	0.609010	0.590322	-0.525234	-0.068967	-0.008111	-0.003984	0.005759
SSD_E	-7.536716	2.949192	-10.882638	0.000145	0.001254	-0.009538	0.352931	0.022224	-0.538132	-0.765088	0.008643	0.004009	-0.002874
SSD_E	-10.932596	16.849839	-32.046076	0.000007	0.000871	-0.001377	0.864960	-0.438298	0.031859	-0.242333	-0.000110	-0.013155	-0.010191
SSD_E	6.768920	7.492574	-23.940178	0.003616	0.000846	0.003558	0.899164	-0.410720	-0.083521	0.125844	0.013849	-0.010972	0.015032
SSD_E	5.619088	4.196796	-24.207125	0.007306	0.004199	0.000315	0.109010	-0.692396	-0.578909	-0.416617	-0.024840	0.003125	0.018135
SSD_E	-13.705388	-2.262145	-2.321474	-0.002435	0.002026	0.005334	0.664058	0.422663	-0.594090	-0.165650	0.025986	-0.023054	-0.007797
SSD_E	-13.794191	6.816341	13.117217	-0.000669	-0.005979	0.003932	0.404461	0.373300	-0.773474	0.314320	0.016709	0.002988	0.008420
SSD_E	-8.731501	4.113111	-8.629884	0.004334	0.001872	0.002698	0.756107	-0.651244	-0.051547	0.039061	-0.042229	0.015156	-0.013082
SSD_E	5.070393	-10.703155	-35.280583	0.001876	-0.002081	0.001080	0.616919	-0.310891	0.130207	-0.711199	0.028376	0.014488	-0.005418
SSD_E	-3.813619	31.409476	-4.934379	0.002568	-0.000033	-0.004899	0.325125	0.484907	-0.326635	0.743282	0.018403	-0.010602	-0.010497
SSD_E	9.344937	9.293675	-0.442283	0.002142	-0.002563	0.006747	0.518893	0.201255	-0.216528	-0.802099	0.026430	0.017110	0.006716
SSD_E	-13.012275	19.043256	5.842352	0.004102	-0.002079	-0.001061	0.275896	-0.463821	0.129572	0.831843	-0.015954	-0.017813	0.004206
SSD_E	16.611984	4.260418	-2.490378	-0.004448	-0.000618	0.002624	0.081284	-0.977538	-0.092633	0.170969	-0.015523	-0.012588	0.009041
SSD_E	26.484543	10.245101	10.426487	0.001504	-0.002057	0.001749	0.804290	-0.588820	0.077943	-0.018243	0.018285	0.022271	-0.010611
SSD_E	18.631305	13.348750	3.414403	-0.001551	0.003675	0.002045	0.132191	-0.718907	-0.240539	0.638623	0.009367	-0.006631	-0.015665
SSD_E	7.762811	4.455469	-8.159090	0.003804	-0.002302	0.000336	0.152527	0.099166	0.211856	-0.960218	0.032716	-0.000163	0.019154
SSD_E	-20.674232	-17.730001	13.777447	0.002286	-0.005563	0.003197	0.212764	0.102417	-0.929200	-0.284305	-0.007234	-0.003924	0.001616
SSD_E	-7.592687	-9.028106	-10.993663	0.003748	0.004499	0.000050	0.568947	-0.033100	-0.166639	0.804634	0.034643	0.007729	0.006077
SSD_E	11.800229	-31.580114	13.846530	-0.006620	0.002063	-0.000237	0.486172	0.274000	0.707728	0.433224	0.005108	-0.006294	0.033556
SSD_E	-12.817155	-13.271459	-5.053995	-0.005244	0.001231	0.001165	0.452332	0.883738	0.119993	0.002257	-0.023058	-0.001330	0.013294
SSD_E	18.948156	-5.553363	-9.326566	0.000463	-0.006362	0.001227	0.034567	-0.599225	-0.764289	-0.235788	-0.033095	0.002815	-0.006946
SSD_E	-9.933957	-8.214710	-4.365577	0.002399	0.006674	0.000965	0.097610	-0.393827	-0.429353	0.806863	-0.010094	0.017247	0.012673
SSD_E	-4.573785	-24.569500	3.853871	-0.001021	-0.008417	0.004706	0.410284	0.358950	0.019998	-0.838106	0.008930	-0.010077	-0.017997
SSD_E	-17.758102	0.099534	-4.802826	0.002512	0.002797	-0.004822	0.037911	0.385070	-0.617206	-0.685084	-0.019238	0.012149	-0.044699
SSD_E	-14.733373	-6.856357	-3.979129	-0.003145	0.005118	-0.002176	0.713904	-0.263825	0.412133	0.500884	0.000087	-0.000002	-0.006305
SSD_E	-9.485908	-16.947228	2.660257	-0.004641	-0.001784	-0.003425	0.518138	0.476551	0.626799	-0.334000	-0.037099	0.001752	0.005623
SSD_E	-29.944157	-39.613518	-3.200002	-0.003061	0.003882	-0.003646	0.696338	-0.441147	0.416810	-0.383109	0.005159	0.004445	-0.007064
SSD_E	14.391923	-56.510115	-45.979210	0.006052	-0.002695	-0.001064	0.468139	0.431039	-0.040213	0.770347	0.004343	0.007412	0.006983
SSD_E	34.700381	9.205576	2.243157	-0.002145	-0.003043	-0.001123	0.252017	-0.181703	0.062829	0.948432	0.021190	0.010283	-0.015294
SSD_E	21.471030	-27.132740	-17.378071	-0.001727	-0.006098	0.004360	0.038121	0.625443	0.369971	-0.685922	0.011305	-0.003050	0.003367
SSD_E	20.437692	-8.258259	-13.824194	-0.001344	-0.001124	0.001938	0.614136	0.607835	0.091473	0.494981	-0.015813	-0.008486	0.013679
SSD_E	6.997279	-30.260555	-5.115781	-0.003059	0.002596	0.005240	0.020900	-0.883553	0.239229	-0.402078	0.010066	0.005412	0.016296
SSD_E	27.678171	-15.011083	-10.657140	-0.009088	-0.003494	-0.008351	0.061349	-0.576822	0.644620	0.497973	0.013079	-0.012232	-0.022744
SSD_E	-6.566009	-33.035469	-17.770896	-0.002136	0.001861	-0.007772	0.534474	-0.269622	-0.341042	0.724798	0.029297	-0.004625	-0.011693
SSD_E	10.384831	-9.704986	4.415708	0.000834	-0.002138	0.003176	0.270142	0.657046	-0.700685	0.065986	-0.023358	-0.004578	-0.000523
SSD_E	-14.040244	1.673964	-4.879297	0.003690	0.000023	-0.000221	0.145177	0.500859	-0.379464	0.764245	-0.026029	0.016629	0.011923
SSD_E	-19.258151	0.164802	-7.493774	0.000829	0.002487	0.000863	0.264271	-0.738388	0.566303	0.253466	-0.034683	-0.005939	-0.007054
SSD_E	-2.353346	9.921577	-9.651211	0.004567	0.002318	-0.001140	0.130408	-0.073798	-0.749097	0.645292	0.027815	-0.012710	0.006139
SSD_E	-1.413972	1.757874	10.777918	-0.001212	-0.000629	-0.000321	0.021949	-0.159348	-0.970585	0.179138	-0.023137	0.018151	0.020093
SSD_E	7.285449	-14.347452	-17.764529	-0.009628	0.002866	0.000980	0.609678	-0.246197	0.342831	0.670929	-0.001465	-0.008639	-0.018248
SSD_E	-17.514497	17.031223	-2.143811	0.000613	0.000694	-0.001453	0.487301	-0.098133	0.492053	0.714697	-0.030627	-0.009641	-0.010226
SSD_E	-34.477188	-10.701780	-1.735372	0.003606	-0.000697	-0.000690	0.404176	-0.764612	-0.039057	0.500485	-0.005707	0.005229	0.005119
SSD_E	-16.393141	-2.206984	11.293353	-0.001023	0.000691	-0.001668	0.776046	-0.225440	0.393100	0.438638	0.030620	0.019661	-0.004925
SSD_E	-8.575180	3.450122	-0.001446	-0.009051	-0.004246	0.001746	0.082940	-0.542278	-0.828169	-0.114858	0.020294	0.018790	0.031895
SSD_E	15.881155	-0.687164	5.066018	0.001917	0.006586	0.003397	0.081620	0.882418	-0.446542	0.123599	0.002449	0.012977	-0.010966
SSD_E	4.772477	-6.072339	13.811183	0.005139	-0.006947	0.000744	0.267955	-0.248209	0.927072	0.084443	-0.038799	0.022676	0.009095
SSD_E	-11.113823	-9.776791	-20.514653	0.003209	-0.002379	0.000956	0.435542	0.327250	-0.671364	0.502475	-0.060842	-0.009008	-0.015812
SSD_E	3.833163	-0.959750	14.111884	-0.002579	0.000575	0.004837	0.593821	0.352491	-0.460196	-0.557984	0.006832	0.007377	-0.025140
SSD_E	-24.121491	-10.293692	11.430486	-0.007306	0.005101	0.004170	0.335385	0.493294	0.253427	0.761546	0.018423	-0.009893	-0.000543
SSD_E	7.774786	18.388298	-8.134086	0.000935	0.001184	0.000300	0.222478	-0.581928	-0.780579	-0.050591	0.009361	0.018440	-0.002118
SSD_E	12.002412	3.212236	17.640602	-0.001266	-0.003602	-0.003136	0.616603	0.034991	0.649349	0.443760	-0.005108	-0.005022	-0.016316
SSD_E	8.154639	-26.016861	-1.441649	-0.003966	0.003318	-0.000525	0.125599	-0.236512	-0.927366	0.261304	0.022623	-0.003113	0.026737
SSD_E	-6.778605	0.737635	-3.202412	0.001607	-0.002166	-0.001840	0.164275	-0.379280	-0.446478	0.793611	-0.005446	-0.001361	-0.001433
SSD_E	7.026346	-10.819896	5.715004	0.005866	0.001812	0.002093	0.126762	0.529529	-0.821004	-0.171707	0.009783	0.018049	0.032259
SSD_E	-0.615604	14.521879	-16.358707	-0.003670	0.000510	0.001816	0.082843	-0.621458	0.741106	-0.240185	-0.007798	0.004239	0.002250
SSD_E	-32.354092	-7.560101	-20.690678	-0.001357	0.003740	-0.003478	0.540593	0.062196	0.834170	-0.089729	0.018924	0.011638	-0.000333
SSD_E	-26.134737	-18.369380	21.207389	0.000553	0.001373	-0.002798	0.940979	0.188551	0.211652	-0.184960	0.006928	0.006399	-0.009499
SSD_E	-13.928070	-15.080640	8.290050	-0.009742	-0.006137	-0.001339	0.716992	0.121205	0.417969	0.544549	0.008987	0.000700	0.012267
SSD_E	-22.260107	7.147221	-18.853336	0.000554	-0.001841	0.002470	0.133587	0.310441	-0.524919	0.781179	0.026369	-0.010090	0.019220
SSD_E	2.741496	-17.475333	0.467526	-0.003258	0.002757	-0.000335	0.195715	-0.070792	-0.730314	-0.650635	0.014825	-0.006352	-0.015977
SSD_E	11.327029	1.027141	7.898750	0.000900	-0.004147	-0.001754	0.136382	-0.201255	0.939948	0.239569	-0.033948	-0.003798	-0.042386
SSD_E	1.308160	21.305343	15.184372	0.001736	-0.003749	-0.001489	0.032704	-0.372157	-0.924989	0.069458	0.013890	0.004717	-0.002957
SSD_E	-7.411154	17.139079	11.458661	-0.001497	0.006154	0.001298	0.121703	0.110312	0.059574	0.984617	-0.028758	0.006148	-0.009430
SSD_E	7.608629	1.627169	-12.864599	0.000295	-0.001162	0.002662	0.595180	0.424320	-0.152310	0.665218	0.013199	-0.020509	0.019409
SSD_E	24.863734	-13.505647	12.985360	-0.003403	-0.004689	-0.000587	0.495402	-0.180431	-0.515209	-0.675708	0.003021	0.009928	0.017731
SSD_E	-2.029456	14.128899	5.941996	-0.004617	-0.003042	0.002871	0.382066	0.577156	0.510701	-0.510001	-0.015236	-0.012774	-0.019883
SSD_E	-8.960675	-17.905036	12.572707	-0.006452	-0.001326	0.001208	0.445846	-0.142372	-0.862888	0.190725	-0.004130	-0.024376	-0.017691
SSD_E	5.171065	-15.354221	-9.038680	-0.002952	-0.000404	-0.006000	0.340771	-0.062315	-0.849862	0.397147	-0.026794	0.029115	0.001882
SSD_E	3.193688	-2.625487	-25.647922	-0.001255	0.004547	-0.002495	0.470211	-0.325095	0.666851	-0.478041	-0.027387	0.031575	0.025485
SSD_E	1.613112	1.282052	4.897461	0.000895	-0.004215	-0.001707	0.094955	0.933016	0.340527	-0.067122	-0.021623	-0.012360	-0.010080
SSD_E	17.914943	-13.147023	-4.897298	-0.005846	0.001816	0.004838	0.440819	-0.260771	0.042244	-0.857842	-0.012460	-0.006734	0.008400
SSD_E	1.770789	-23.966473	-14.636554	0.000551	0.003243	0.003423	0.101098	-0.825505	-0.413847	0.370203	0.008831	0.011758	-0.018666
SSD_E	9.071216	-6.443332	7.081364	-0.000155	-0.004730	0.001674	0.228832	0.660081	0.388914	-0.600562	0.007279	0.004168	0.028722
SSD_E	18.330980	-26.998781	-2.718477	0.000923	-0.000224	0.004170	0.288441	0.704219	0.633140	-0.141462	0.025615	0.001002	-0.029669
SSD_E	17.531700	5.500104	6.743077	-0.005311	0.000082	-0.002549	0.887519	0.184686	0.421654	-0.020233	0.003502	-0.017414	-0.009145
SSD_E	-12.477497	6.836827	-14.694181	0.005674	-0.001852	0.000144	0.161540	-0.299686	-0.816400	0.466458	-0.020151	0.004920	-0.006924
SSD_E	-3.051115	7.549299	28.232621	0.000554	0.006386	0.002015	0.791805	0.405817	0.111451	0.442647	-0.037151	0.000558	-0.000691
SSD_E	-6.447418	7.697100	18.745834	-0.001962	0.000178	-0.000162	0.667204	0.284783	0.201696	0.658069	0.002066	0.015163	-0.002738
SSD_E	-19.837124	-0.148630	-1.143740	0.000471	-0.002493	0.003916	0.101794	0.974681	-0.170897	-0.102124	-0.000763	0.009408	0.018110
SSD_E	8.572018	15.465472	7.416935	0.004013	-0.003489	-0.006387	0.327840	0.595935	-0.681229	0.270756	0.031183	0.012683	-0.001594
SSD_E	10.816518	14.843447	-11.181017	-0.002562	-0.003393	-0.000610	0.850194	-0.342508	-0.024107	-0.399095	-0.002283	0.013765	-0.043054
SSD_E	-38.792787	-14.023471	10.592550	0.005026	0.002909	-0.005085	0.278635	0.095884	0.247775	0.922917	-0.010015	0.032329	-0.012241
SSD_E	-12.615262	-8.217660	8.754103	-0.001628	0.000089	0.001990	0.007357	-0.758772	-0.644763	0.092146	0.021545	0.013485	0.031597
SSD_E	10.243887	-4.670018	9.276165	0.000725	0.004459	-0.001204	0.156368	-0.867612	-0.402950	0.245824	0.008894	0.000020	0.029905
SSD_E	3.999207	-6.992637	5.249283	0.001182	-0.001748	-0.001535	0.416286	-0.579550	0.509175	0.481215	-0.005241	-0.002663	-0.008409
SSD_E	-11.637471	-7.222106	-13.158488	0.006051	0.006566	0.005005	0.248375	0.594509	0.761409	-0.071586	-0.019753	0.017810	0.005423
SSD_E	-18.563736	1.537362	9.569174	-0.000748	0.001017	-0.003065	0.904827	0.171160	0.127743	-0.368339	-0.043338	0.007251	0.030735
SSD_E	-12.209693	13.127332	17.378039	-0.005333	-0.000589	-0.000319	0.580041	0.758720	-0.295923	0.018059	0.021107	-0.004801	0.027590
SSD_E	-9.559009	6.497236	6.172950	-0.002724	-0.001773	-0.001193	0.089704	-0.529438	0.572960	-0.619165	-0.022065	0.016343	0.015649
SSD_E	1.750076	4.088897	7.239628	0.004810	0.001057	-0.007721	0.273670	0.117226	0.929376	-0.218228	0.041944	0.025748	-0.029900
SSD_E	4.828217	-18.383505	-1.328546	-0.000104	0.006314	-0.007327	0.499374	-0.655410	0.162403	0.542853	-0.036724	0.001672	-0.010751
SSD_E	12.048742	17.933134	19.119750	-0.005153	0.002665	-0.003120	0.719295	-0.338729	-0.451098	0.405449	-0.006583	-0.000451	0.044168
SSD_E	1.684739	-0.307176	12.726206	0.002593	0.000878	-0.002498	0.098124	0.224535	0.969505	-0.003870	0.031931	-0.001165	0.002495
SSD_E	10.295118	-14.232518	4.709918	-0.000815	0.002737	0.004107	0.956925	-0.201944	0.194015	0.076625	-0.022039	0.004072	-0.000260
SSD_E	14.004073	10.231125	-1.277495	0.005389	-0.003601	0.002177	0.380009	0.682887	-0.195812	-0.592381	-0.047920	-0.012841	0.013744
SSD_E	-4.735961	3.705399	16.893818	-0.004356	-0.000432	0.005562	0.711876	-0.148181	-0.132715	0.673545	-0.022786	0.009685	0.011241
SSD_E	-24.603562	-6.535761	0.708831	0.002881	0.000006	0.002908	0.303597	-0.484207	0.450711	-0.685734	-0.023592	-0.000792	0.019344
SSD_E	-13.634416	15.472198	-2.503944	-0.001086	-0.002583	-0.007896	0.107692	0.714578	-0.223512	0.654081	0.002213	0.001648	-0.004709
SSD_E	-32.634189	18.625806	-6.867359	0.010045	-0.001088	0.001279	0.486311	-0.534780	-0.488093	0.489160	-0.008670	0.002668	0.002266
SSD_E	-17.828146	-14.219452	1.143929	-0.002548	-0.004836	-0.001095	0.222358	0.047275	-0.388577	-0.892933	-0.002540	-0.005417	-0.011935
SSD_E	4.893066	-4.167918	2.670629	-0.000636	0.002279	-0.002493	0.085191	0.165669	-0.143465	-0.971964	0.016013	0.001298	-0.008639
SSD_E	-12.078165	6.148467	-17.372454	-0.008524	0.006560	-0.002690	0.267327	-0.802113	-0.254355	-0.469526	-0.019520	0.009753	0.018892
SSD_E	-15.199957	12.062774	20.969053	0.001521	-0.001608	0.004680	0.140901	-0.970529	0.119552	-0.154685	-0.045325	0.003313	0.017680
SSD_E	-10.018504	4.434901	-11.547367	-0.001776	0.007110	0.000819	0.315476	-0.545821	-0.338962	0.698326	0.015035	0.003442	-0.028008
SSD_E	-9.832368	1.075405	-27.000616	-0.001673	0.000402	0.003067	0.106938	-0.866334	-0.142665	0.466558	0.026314	0.001653	0.017810
SSD_E	6.483931	20.490153	10.606540	0.009984	0.006080	-0.000580	0.563165	0.008694	0.390675	0.728109	-0.020384	0.004104	0.011737
SSD_E	-1.674969	25.308330	-25.576658	-0.001351	0.000191	0.010094	0.382146	0.709814	0.054134	-0.589235	-0.018560	0.012849	0.015590
SSD_E	-10.958250	25.844371	6.019052	0.005541	0.001244	0.004660	0.658866	-0.194215	0.726167	0.029293	0.018021	-0.006936	0.015788
SSD_E	2.684878	4.353245	-14.989951	-0.007799	-0.001883	0.001032	0.142466	-0.587848	0.749675	-0.268562	-0.013788	-0.012138	-0.020417
SSD_E	2.789808	-2.991387	-7.099851	-0.005877	0.005931	-0.001986	0.328905	0.023033	-0.864961	0.378329	-0.006689	0.012448	-0.026477
SSD_E	-2.625262	3.540284	-0.057178	-0.001206	0.005096	0.001665	0.165087	-0.676373	0.105294	0.710056	0.004200	-0.002200	0.000969
SSD_E	15.707592	6.715464	21.033719	0.001738	-0.001853	-0.007041	0.004435	-0.631141	-0.594997	-0.497614	0.018937	0.006926	0.005621
SSD_E	29.888004	12.995457	-1.324156	0.001905	-0.000312	0.009683	0.186305	0.847317	0.051985	0.494612	0.000300	-0.012222	-0.010324
SSD_E	15.691636	-0.258037	-29.870811	0.002231	-0.003687	0.002746	0.018828	0.387105	0.806587	-0.446332	-0.017449	-0.003917	-0.023698
SSD_E	9.931916	-15.040906	-5.745499	0.000840	0.004730	0.000850	0.345373	-0.705663	-0.405905	0.466903	0.007593	0.005131	-0.007394
SSD_E	-9.069864	-23.945922	2.824906	0.004888	0.004008	-0.000154	0.307963	-0.897744	-0.170609	-0.264778	-0.012049	0.007686	0.000752
SSD_E	-9.206069	-4.017872	27.510801	-0.003642	0.001749	-0.000208	0.734338	-0.017831	0.650208	-0.194060	0.022058	0.002259	-0.042821
SSD_E	-23.993573	-12.747796	-3.622498	-0.001726	-0.003204	-0.003499	0.089648	-0.125651	0.421894	-0.893410	0.007465	0.000528	-0.005584
SSD_E	-16.195759	-42.251933	-8.868115	0.001322	0.002254	0.001340	0.337140	0.008019	-0.787911	0.515236	-0.002704	-0.002030	-0.019359
SSD_E	6.826511	-22.206739	-2.218297	0.003153	0.003974	0.007146	0.443076	0.742575	0.441712	0.239076	0.014190	0.013439	0.000179
SSD_E	-29.750631	-12.177896	-0.275022	0.001713	-0.003510	-0.001255	0.212244	-0.928533	-0.128001	0.276395	-0.001521	0.022807	-0.006709
SSD_E	-0.184916	-11.223685	18.792603	0.001040	-0.000114	-0.000360	0.652592	0.294816	0.015228	-0.697836	0.029949	-0.003317	-0.000695
SSD_E	-17.360821	-20.478636	11.281792	-0.005129	-0.005089	-0.007897	0.324208	0.031277	0.274152	-0.904849	-0.030858	-0.007030	0.007376
SSD_E	6.598652	-6.749252	-13.085708	0.003950	-0.001660	-0.004712	0.544530	0.489645	0.680225	0.032082	-0.039235	-0.012512	0.033468
SSD_E	-10.363130	-8.623751	14.757522	-0.001469	0.003784	0.002562	0.144175	0.214260	-0.189417	-0.947326	0.028314	0.017082	0.008346
SSD_E	-18.899479	-6.989785	0.464597	-0.002683	0.000533	0.000161	0.507337	0.240335	-0.295712	0.772918	-0.041646	-0.013371	-0.012367
SSD_E	2.792519	-13.165704	17.479051	-0.004494	-0.002164	0.000167	0.626628	0.566382	-0.433259	-0.314383	0.019893	0.022938	-0.000022
SSD_E	-6.074001	-27.583242	14.674993	-0.001136	0.003305	-0.000667	0.676060	-0.636031	-0.186503	-0.321907	-0.000846	0.002368	-0.029604
SSD_E	-0.936258	-20.936184	-2.666010	0.006572	-0.002359	0.000780	0.761024	0.535772	-0.114154	-0.347504	-0.011836	0.014293	-0.012594
SSD_E	0.893687	-2.082680	24.552514	0.002966	0.001213	-0.000424	0.179576	-0.568870	0.147912	-0.788836	0.030102	0.003073	0.006091
SSD_E	-1.361766	-36.408607	10.224346	0.000922	-0.001105	-0.002952	0.026883	0.549128	0.479708	0.683825	0.005053	0.010797	0.013838
SSD_E	-1.940793	-6.951440	-9.814522	0.003399	0.003780	-0.006904	0.908999	0.037298	-0.276942	-0.309246	0.009787	-0.000998	-0.016957
SSD_E	-20.249370	-9.343231	6.643748	0.002639	0.002669	0.002684	0.489661	-0.778238	-0.132727	-0.370082	0.003274	0.017184	-0.008955
SSD_E	1.375296	-13.421121	-18.654407	0.001077	0.000485	0.002032	0.613769	-0.374684	-0.574089	0.391562	0.041644	0.002209	-0.020170
SSD_E	-3.705827	-25.106346	-23.690703	0.000777	0.000455	-0.006177	0.396358	0.141249	-0.624753	-0.657748	-0.015863	-0.009499	-0.002074
SSD_E	-8.738726	-4.858857	-25.376884	0.003400	0.000742	0.005928	0.509966	0.160411	0.766748	-0.355389	-0.005360	0.010099	-0.009003
SSD_E	-6.430817	-9.243260	9.518755	-0.000963	-0.004632	0.001103	0.598468	-0.272528	-0.174971	-0.732768	0.003604	0.002203	-0.019759
SSD_E	1.457738	-1.677102	-4.499200	0.001325	0.000718	-0.000905	0.592863	-0.112198	0.637359	-0.479268	0.022337	-0.016647	0.000881
SSD_E	-22.109036	0.184242	16.237628	-0.000782	-0.000164	0.004791	0.828963	-0.351153	0.247213	0.358325	0.015095	0.002435	0.006565
SSD_E	1.472092	-10.255854	6.600465	-0.001665	-0.000313	-0.008276	0.222006	0.608536	0.718894	0.252168	0.020181	-0.009643	-0.034050
SSD_E	11.241577	-16.897625	15.756280	-0.004776	0.001747	0.003119	0.302924	-0.567662	-0.656392	0.393887	-0.002356	0.002708	0.001381
SSD_E	-15.258854	-27.968001	15.628760	0.000278	-0.002538	-0.005180	0.180058	0.760663	-0.261373	0.566263	-0.025090	-0.000594	0.021588
SSD_E	-19.160748	5.471945	9.604692	0.001311	0.007724	0.001103	0.692623	0.502110	0.464210	-0.229494	-0.004576	-0.000448	0.008405
SSD_E	10.474288	12.327943	15.184645	0.000583	0.001834	-0.000861	0.682487	0.092627	-0.706426	-0.163077	-0.032162	-0.008393	-0.020010
SSD_E	11.015603	-21.275801	6.620974	-0.001740	0.003934	0.000155	0.018177	0.358669	-0.850260	-0.384817	0.006704	-0.024619	0.023995
SSD_E	5.015448	-4.536196	-0.207731	0.006171	-0.006310	0.000234	0.942525	0.248174	0.208489	-0.081173	0.015288	0.003642	0.000429
SSD_E	7.805703	-16.079226	12.268524	0.001586	0.007050	-0.003506	0.587981	0.732369	-0.186745	0.288166	0.055517	0.010282	0.031426
SSD_E	-21.664483	-17.277487	21.017519	-0.000874	0.001499	-0.003782	0.108336	0.926667	-0.188129	0.306855	0.024928	0.001539	0.001556
SSD_E	14.922650	-14.132526	15.650927	-0.000860	0.004128	0.004975	0.289469	-0.873626	0.216574	-0.325701	0.013007	-0.004133	0.017096
SSD_E	-4.880280	-10.799500	17.592285	0.000207	-0.001125	-0.001239	0.086816	0.179030	-0.632408	0.748646	-0.040585	-0.009691	0.003049
SSD_E	20.966128	-4.726477	-4.958613	-0.002584	0.005521	0.007531	0.370009	-0.222220	-0.734991	-0.522972	-0.036646	-0.009484	-0.009074
SSD_E	12.657071	-11.974230	13.584596	0.004357	-0.004463	-0.001023	0.876313	0.199357	-0.309891	0.310323	-0.006772	-0.020571	0.012509
SSD_E	-0.643621	-21.892197	13.068045	-0.003366	-0.001104	-0.005323	0.226685	-0.734569	-0.544780	0.335018	-0.002343	0.005382	-0.012127
SSD_E	0.817090	-3.438254	3.697316	0.000285	-0.002266	-0.000520	0.766371	-0.426995	0.217645	-0.427763	-0.002208	-0.002728	0.002371
SSD_E	-7.690525	-11.569101	9.483585	-0.002808	0.003607	0.003620	0.470939	-0.726893	0.251803	0.431785	0.021737	0.009810	0.003927
SSD_E	-26.954291	-18.488863	-24.236279	0.001006	0.006525	0.005998	0.677439	-0.457355	0.419453	-0.394921	0.010132	-0.000758	-0.004005
SSD_E	-32.956021	-10.300696	4.547891	-0.000650	-0.005174	-0.002137	0.871946	0.080400	-0.235257	-0.421782	-0.003487	0.001616	0.007392
SSD_E	-7.512335	25.115197	-24.261197	-0.000998	0.000394	-0.004537	0.293379	0.877705	0.278270	-0.257156	-0.028321	0.005432	-0.013343
SSD_E	-12.246835	5.398836	-4.434365	-0.002789	0.001051	0.000972	0.519058	-0.816610	-0.213784	-0.134249	0.013777	0.005846	-0.015472
SSD_E	-15.709816	1.751125	1.430386	-0.007572	-0.003185	0.002881	0.591026	0.498578	0.490809	-0.401516	0.006904	0.007743	-0.023124
SSD_E	5.274758	-13.701046	17.904450	-0.007361	-0.006484	-0.003961	0.292144	-0.709415	-0.587413	0.257542	0.007009	0.013676	-0.001149
SSD_E	3.188882	15.229530	18.654950	-0.007248	0.003111	-0.004126	0.557149	-0.123842	-0.187572	0.799415	-0.006665	-0.005564	0.005349
SSD_E	-14.296511	-3.222685	30.025111	0.001443	-0.003331	-0.001156	0.751789	-0.458413	-0.351675	-0.317799	-0.019428	-0.029333	-0.006521
SSD_E	-3.708622	2.855386	-10.176916	0.003028	0.003344	0.002099	0.971661	0.030223	0.012798	0.234087	0.011815	0.006847	-0.007031
SSD_E	-12.380436	24.286713	20.914834	0.000122	-0.003716	0.000377	0.481563	0.229513	0.607565	-0.588460	-0.015714	-0.012477	-0.007827
SSD_E	0.625233	3.075782	-6.405252	0.005362	-0.001230	-0.007454	0.859061	0.122711	0.341979	-0.360565	-0.005366	0.000681	-0.004880
SSD_E	6.581976	-10.241820	-3.045496	0.002307	0.001639	0.004161	0.464006	-0.101412	0.710010	0.519904	-0.026911	-0.010895	-0.010005
SSD_E	14.590949	-5.599944	-8.557851	-0.001879	-0.000464	-0.005218	0.104179	-0.362465	0.847075	0.374472	0.019559	0.006584	0.000212
SSD_E	-6.785217	-2.648839	10.720499	-0.000070	-0.002945	-0.002412	0.648401	-0.185379	-0.464788	-0.573745	-0.028271	-0.000595	0.021149
SSD_E	19.546060	6.437027	-0.538264	0.002870	0.001092	0.002751	0.626503	-0.341108	0.099319	-0.693740	-0.012318	-0.009080	-0.012567
SSD_E	7.138196	-3.434167	1.487354	0.000651	-0.004123	0.000879	0.631387	0.283712	-0.368660	0.620442	0.037791	-0.015460	0.043292
SSD_E	-0.670890	-22.923307	-16.666719	-0.003978	0.000695	-0.004073	0.214990	0.843125	0.492736	-0.011412	0.029614	-0.003643	0.005692
SSD_E	23.221539	-7.914397	5.652197	0.006121	-0.001968	-0.000841	0.509977	0.854457	-0.067897	0.072232	-0.038332	0.018693	0.001878
SSD_E	-7.261757	-13.605815	36.042029	-0.001858	0.000010	-0.002675	0.501122	-0.817680	0.283261	-0.006244	-0.015189	0.008099	0.020891
SSD_E	17.588712	-0.981947	7.476769	-0.004250	0.002635	0.002556	0.188540	-0.287868	0.260208	0.902151	-0.025385	0.016357	-0.003286
SSD_E	8.954423	19.843009	-2.690636	-0.001074	0.001930	-0.001658	0.752725	-0.295470	0.022353	0.587880	-0.028148	0.009723	-0.002160
SSD_E	2.971072	13.761767	-22.225550	0.005041	-0.005177	-0.005680	0.643866	0.455741	-0.270614	-0.551820	-0.015366	0.012895	0.008587
SSD_E	-1.521170	-3.636803	11.252775	-0.009247	0.003783	0.002468	0.302249	-0.023203	-0.676017	0.671646	0.000377	-0.003066	-0.017824
SSD_E	-10.031579	-14.621647	1.696020	0.000937	-0.003358	0.001102	0.548816	0.720235	0.082204	-0.416299	-0.015030	-0.000999	-0.016124
SSD_E	3.682697	5.007218	15.877427	-0.005123	-0.001611	-0.001352	0.109657	-0.713721	0.675497	0.149268	-0.027599	-0.013454	0.019228
SSD_E	-1.780642	22.512216	-1.076313	-0.000327	0.003414	-0.003908	0.772561	-0.007038	0.223395	-0.594302	-0.003074	0.025312	0.019758
SSD_E	-13.474214	-9.129738	-32.205886	-0.008746	-0.005854	0.000298	0.641281	0.034553	0.764141	-0.060438	0.033151	0.005277	0.001262
SSD_E	-4.154410	-2.970811	1.339644	-0.002880	-0.001727	0.001694	0.121062	-0.654707	-0.331685	-0.668347	-0.035048	0.016207	0.022511
SSD_E	9.281295	-3.814695	-0.252336	0.004186	0.000999	-0.001700	0.758778	-0.039506	-0.059393	0.647432	-0.018681	-0.000441	0.012309
SSD_E	-18.157685	25.059052	-10.757246	0.001374	0.009470	-0.003444	0.159758	0.096907	0.180442	-0.965675	0.033456	0.005589	0.011145
SSD_E	-5.286365	1.935055	0.959215	0.004630	-0.001999	-0.004068	0.018706	0.815492	-0.345973	-0.463601	-0.016199	0.006914	-0.005493
SSD_E	7.380430	1.131771	7.144937	-0.003044	-0.001670	0.006578	0.146897	0.300654	-0.304058	-0.891951	0.011212	-0.012113	-0.020365
SSD_E	-5.352114	-28.065261	8.501473	0.000037	0.002237	-0.005352	0.876183	-0.056782	-0.260692	0.401397	-0.028433	-0.012876	-0.027131
SSD_E	8.715093	15.382587	-4.020024	-0.004473	-0.004353	0.008483	0.028267	-0.515622	-0.381737	-0.766558	-0.003156	0.000983	-0.005290
SSD_E	1.538327	0.366741	-17.337899	0.003747	0.004906	0.000552	0.171514	0.544935	0.820193	0.030191	0.002058	0.003802	0.015332
SSD_E	21.990502	-5.409372	16.825017	0.000362	0.001366	-0.002977	0.696254	-0.572259	-0.416921	-0.118013	-0.008133	-0.007071	0.027674
SSD_E	4.233683	-6.709867	-16.300745	-0.005657	-0.001672	-0.000152	0.654687	-0.386506	-0.492424	-0.423694	-0.004203	0.006239	-0.000084
SSD_E	20.343133	14.981931	13.287856	0.002624	-0.002455	0.002407	0.805875	0.184513	0.280578	0.487643	0.013877	0.003936	-0.007035
SSD_E	5.395486	-3.190744	13.354395	-0.002489	-0.003193	-0.001645	0.756167	-0.362544	0.249237	0.484412	0.040656	0.003723	-0.005005
SSD_E	-7.080001	-2.055401	-0.162732	-0.003098	-0.000085	0.003125	0.544850	0.822071	-0.027968	0.162959	-0.001350	-0.019255	0.002513
SSD_E	-38.322779	24.623077	2.110049	0.002609	0.000298	-0.003968	0.763855	0.484028	0.364717	0.221863	-0.017924	0.008016	-0.010738
SSD_E	-24.092833	26.827102	-9.015364	-0.001031	-0.000373	-0.003078	0.047341	-0.084228	0.573098	0.813771	0.015933	0.010364	0.007750
SSD_E	3.572543	31.426327	-13.623633	-0.002233	0.001578	0.007458	0.040238	-0.919921	-0.329322	-0.208982	-0.001158	0.007795	0.024641
SSD_E	-14.849069	20.379961	2.264733	0.000170	-0.000785	-0.003249	0.493882	-0.007054	0.013353	0.869398	-0.012758	0.003850	-0.009882
SSD_E	-15.335894	-0.128268	-15.367720	-0.002581	0.004638	0.000201	0.384986	-0.684948	-0.240207	-0.570029	0.031906	0.000561	-0.012155
SSD_E	-1.762057	15.959858	-14.520848	0.002261	0.001945	0.001868	0.429728	-0.236359	0.799907	-0.345856	-0.000292	0.005049	0.022160
SSD_E	-6.947446	8.899444	-10.713884	-0.000166	-0.008542	0.002824	0.015921	-0.918884	-0.385865	-0.080664	-0.008289	-0.001076	0.000159
SSD_E	13.578560	21.823134	29.256673	-0.005424	0.000787	-0.000499	0.395399	0.791558	-0.449043	0.124323	0.008509	-0.011137	0.001443
SSD_E	-23.792497	10.235439	0.078955	-0.002642	-0.000722	-0.003968	0.521805	-0.529766	-0.087847	-0.662835	-0.009947	-0.018581	0.002157
SSD_E	15.878749	-5.130454	7.787570	0.000508	-0.001706	-0.000434	0.242218	-0.437970	0.755359	0.423019	-0.000664	-0.002852	-0.024835
SSD_E	-20.067116	20.226953	5.486163	-0.001712	0.000139	0.001101	0.781336	-0.240791	0.277577	0.504465	-0.013037	-0.026476	-0.003352
SSD_E	-4.914516	15.490655	-0.888760	0.002538	0.000424	0.008178	0.559096	-0.700873	-0.435513	0.080728	0.012168	0.017501	0.015841
SSD_E	14.024505	12.171309	-16.533965	0.003852	0.004009	0.002816	0.760259	-0.148921	0.126321	0.619574	0.038739	0.027621	-0.012145
SSD_E	-3.871485	14.532718	2.283309	0.000854	-0.003089	0.001291	0.818867	0.027401	-0.559820	0.123721	0.028469	-0.009144	0.008640
SSD_E	14.386222	30.659319	-1.425190	0.004631	0.002977	-0.002213	0.002203	0.917572	0.146319	0.369660	-0.033292	0.032467	-0.035251
SSD_E	-2.854298	-12.542987	0.803820	0.010725	-0.005161	0.004896	0.631085	0.100041	-0.695043	-0.329604	-0.011345	0.008070	-0.008390
SSD_E	-5.219198	10.618000	1.868427	-0.002708	0.005529	0.003422	0.208148	-0.523850	0.538634	0.626201	-0.023489	-0.007157	-0.003163
SSD_E	-7.324240	6.078091	2.556310	-0.000234	-0.000892	0.000881	0.383719	-0.434870	0.454706	-0.675937	0.001488	-0.004990	0.002716
SSD_E	20.999576	3.998103	-5.241969	-0.001675	0.002182	-0.001873	0.715932	0.187089	-0.446588	0.502990	0.022461	0.008085	-0.036073
SSD_E	7.806642	-4.947605	3.933547	-0.003478	0.004623	-0.001663	0.952894	0.246107	-0.174821	0.029357	0.017917	-0.017982	-0.030956
SSD_E	3.365076	-9.741016	11.975319	-0.004087	-0.010093	0.001620	0.420034	0.693740	0.289536	0.508395	-0.023330	0.006939	0.003782
SSD_E	-2.791603	-15.549802	-2.703476	-0.000174	0.001924	0.000355	0.659766	0.160846	0.631275	0.374605	-0.003373	-0.013722	-0.001006
SSD_E	-22.967779	-18.707269	18.844311	-0.000980	-0.000537	-0.001947	0.168914	0.744508	0.081169	-0.640771	0.012071	-0.006363	-0.007011
SSD_E	-9.283100	-21.114174	5.200496	0.000178	0.004553	0.003168	0.194673	-0.846898	0.402985	-0.287176	0.001342	0.003003	0.023043
SSD_E	9.435478	5.795922	5.713692	-0.009267	0.006187	0.005750	0.411361	-0.486959	0.244789	0.730569	-0.011134	0.008544	-0.036444
SSD_E	-13.109082	-15.388771	12.626064	-0.001805	-0.004127	0.004334	0.651163	0.304840	0.597325	-0.355335	-0.002709	-0.001273	0.004573
SSD_E	-6.231200	-17.314099	21.623332	0.006668	-0.004240	0.001393	0.935464	-0.159691	0.312901	0.038714	0.001178	0.009933	0.001510
SSD_E	-5.596690	-12.617883	15.081014	-0.001535	0.001509	0.005980	0.393586	0.810981	-0.340833	0.266893	-0.041002	-0.004661	-0.032534
SSD_E	-5.346262	-23.309701	9.930903	-0.004441	-0.006067	-0.002081	0.702710	-0.300122	-0.089104	0.638894	-0.016906	-0.013336	-0.014849
SSD_E	-8.029792	-21.558879	10.963926	-0.001936	0.000233	-0.002707	0.591320	0.526656	-0.106857	-0.601295	-0.008219	-0.017905	-0.029657
SSD_E	-10.449909	-7.548222	25.149549	-0.004632	0.006968	-0.004294	0.794171	0.249742	0.090109	0.546628	0.021717	-0.011541	-0.004712
SSD_E	-0.095239	-15.670297	4.882661	0.002561	0.000921	0.004580	0.341683	-0.121514	-0.665755	0.652118	-0.002222	-0.006461	0.001857
SSD_E	12.763688	6.205529	-7.023895	-0.001212	-0.000352	0.004782	0.176155	-0.475977	-0.684406	-0.523454	0.000907	-0.017090	0.001175
SSD_E	-10.746217	5.568493	25.891255	-0.000102	-0.000264	-0.003232	0.060443	0.623683	-0.743315	-0.234197	0.002196	0.000519	0.023238
SSD_E	-8.845964	-9.756600	1.523500	0.000322	0.000177	-0.001272	0.197394	0.275145	-0.560188	0.755990	-0.036770	-0.026199	-0.021103
SSD_E	-5.302741	-20.831496	23.472660	-0.001430	-0.011335	0.002142	0.455270	-0.693041	0.289866	0.477913	-0.024701	0.009833	0.002913
SSD_E	24.340796	-4.315232	8.377547	-0.000822	-0.005380	-0.001762	0.321495	-0.050023	-0.596928	0.733359	-0.022707	0.009118	0.001778
SSD_E	-13.586472	-12.091327	55.447236	-0.001511	-0.005616	0.000117	0.086579	0.068516	-0.539030	-0.835019	0.030937	0.000034	0.012043
SSD_E	-10.039969	-9.864086	9.552176	0.000523	-0.008882	0.003434	0.859258	-0.482975	-0.168512	0.003737	0.001963	-0.020132	0.008819
SSD_E	9.241391	-6.000974	-10.380747	0.003781	0.000532	0.001942	0.020114	-0.678158	0.661431	-0.319698	0.005706	-0.004620	-0.019609
SSD_E	-3.627706	-14.426239	17.499529	0.000865	-0.000492	0.000503	0.312732	0.711724	0.395663	-0.488977	-0.013888	0.008848	0.024469
SSD_E	-3.290698	-2.511636	-3.540643	0.003038	-0.002210	-0.003092	0.490448	0.371305	0.355978	0.703472	0.040267	-0.020360	0.031605
SSD_E	6.021331	10.896070	9.037004	0.002919	0.004146	-0.000635	0.830231	-0.348324	0.025346	0.434447	-0.002247	-0.006380	-0.006808
SSD_E	-33.495964	9.581862	21.809092	0.003797	-0.001167	0.002609	0.686009	-0.203618	-0.097875	-0.691629	0.000674	-0.007047	0.029426
SSD_E	-13.483390	2.821822	23.822771	-0.000107	0.001562	-0.008163	0.874487	0.372610	0.201948	-0.235907	-0.030815	0.029214	0.006153
SSD_E	-4.594731	7.025896	8.223778	0.006568	-0.002968	-0.002178	0.023711	0.162118	0.047945	-0.985321	0.016212	-0.034234	0.010569
SSD_E	-12.651467	8.145178	20.351801	-0.004888	0.006415	0.005704	0.516763	-0.504369	0.124192	0.680548	-0.004823	-0.007332	0.004334
SSD_E	-12.613450	-27.082156	9.796149	-0.001045	-0.005166	0.002551	0.190987	0.107806	-0.691128	0.688654	-0.003009	0.006658	-0.019766
SSD_E	-25.172049	-11.058315	-1.199485	-0.001342	-0.001688	-0.001437	0.513078	-0.409242	0.674546	0.338023	-0.040314	-0.007867	-0.002548
SSD_E	-14.125929	-10.768458	8.685711	0.000522	0.002413	-0.001332	0.647406	0.103027	-0.029668	0.754567	0.026666	-0.016533	-0.000119
SSD_E	14.224368	1.993672	16.152345	-0.004584	-0.002054	-0.000641	0.408605	0.426576	0.797086	0.125412	0.000425	-0.006349	0.003927
SSD_E	-1.507669	-13.553114	-1.743187	-0.002323	0.005931	0.002349	0.408904	-0.221167	0.633385	0.618632	-0.008218	0.003937	-0.019588
SSD_E	17.024797	-26.176566	17.129634	0.000976	0.005740	-0.003054	0.038698	-0.535517	-0.842577	-0.042276	-0.025166	0.002282	-0.017038
SSD_E	-4.151237	3.729023	-18.619192	-0.004367	0.004791	0.008236	0.898293	-0.306807	0.243563	-0.199037	-0.010269	0.009281	-0.017616
SSD_E	-18.082193	-23.434686	3.309515	0.001141	0.002095	-0.000282	0.081480	0.577712	-0.805360	-0.104906	-0.007277	-0.002822	-0.005938
SSD_E	-6.474951	-11.046609	12.150835	-0.000325	-0.003372	0.002624	0.657634	-0.145802	0.481852	0.560427	-0.023835	-0.004878	0.012933
SSD_E	-16.736782	5.462465	20.872152	-0.001030	0.000328	0.002604	0.243585	-0.329474	0.300197	-0.861392	-0.015291	-0.029419	0.018731
SSD_E	3.168727	-15.130144	4.660828	0.003958	0.004958	-0.004215	0.345300	0.422499	0.146207	-0.825158	0.015642	-0.005266	-0.002102
SSD_E	20.448000	-13.287108	13.146899	0.000701	0.000578	-0.004674	0.287709	0.777868	0.408532	0.381111	0.027788	0.002476	0.018572
SSD_E	4.352033	-14.573310	-26.289357	-0.001391	0.000030	0.004104	0.269542	0.493685	0.826454	0.024406	-0.007360	-0.001894	0.013055
SSD_E	-11.505643	-8.061704	31.045993	0.006548	0.007303	0.007391	0.343044	-0.114491	-0.913296	-0.187355	-0.034561	0.021244	0.002099
SSD_E	-10.016871	8.381681	-7.331002	-0.000503	0.000356	0.001605	0.740793	-0.670489	0.033365	-0.023606	0.033556	-0.000566	0.017293
SSD_E	-14.630262	32.532592	46.725387	-0.002584	-0.000551	-0.001265	0.230839	-0.320690	-0.206302	0.895160	0.003260	-0.023931	-0.001294
SSD_E	-14.571727	1.838618	16.201138	0.005164	0.004702	-0.002547	0.069125	-0.587486	0.267766	-0.760515	0.025571	-0.006375	-0.016636
SSD_E	14.101234	-22.480950	10.707511	-0.002737	0.000741	-0.003840	0.166944	0.890734	0.035382	-0.421272	0.008895	-0.017229	0.029601
SSD_E	-7.097994	16.528777	24.969204	-0.010449	-0.005993	0.002517	0.909669	0.108932	-0.162434	-0.366404	0.003765	-0.020302	-0.033868
SSD_E	7.898139	-10.823138	15.607004	-0.003419	-0.003054	0.001723	0.927538	-0.224235	-0.188043	-0.232448	-0.044827	-0.006010	-0.009621
SSD_E	1.246293	-3.357492	-18.276347	0.001347	-0.005363	0.002197	0.946698	-0.186226	-0.189885	-0.181729	0.026233	0.010543	0.003448
SSD_E	-15.144986	14.233030	11.065917	0.003327	-0.004154	-0.001893	0.423345	0.107523	-0.145848	0.887664	0.007072	0.019547	-0.035064
SSD_E	3.015898	-12.792246	24.424075	-0.009558	0.000781	-0.004593	0.051411	-0.874285	-0.054041	-0.479649	0.032291	0.005936	-0.000370
SSD_E	11.079996	24.091280	15.416316	-0.002055	0.006263	-0.002358	0.599405	0.229655	0.674869	-0.364038	-0.002973	0.012628	-0.009744
SSD_E	6.672351	6.261000	13.899459	0.001030	-0.000992	-0.003540	0.666376	0.337539	-0.655928	0.108486	-0.007623	-0.027949	0.009451
SSD_E	-3.064466	1.132175	16.495662	0.002742	-0.004830	-0.001047	0.623622	-0.279549	0.395102	-0.613875	0.016473	-0.012703	0.008250
SSD_E	3.862005	-1.254904	6.418988	0.000841	-0.003662	-0.002054	0.326647	0.432815	0.381809	0.748462	-0.005066	0.003760	-0.009681
SSD_E	18.658790	5.877977	12.582091	-0.001404	0.002495	0.000694	0.330321	-0.925122	0.114554	0.148039	0.030515	0.005046	-0.023509
SSD_E	4.671120	-2.753880	21.340897	0.000909	0.006335	-0.004313	0.185560	-0.100830	-0.973805	0.084292	0.019274	-0.020230	-0.008956
SSD_E	-2.562232	15.344034	24.849101	0.007079	0.004316	0.000273	0.556622	-0.192759	-0.594443	0.547406	0.036392	-0.001736	0.009305
SSD_E	7.568753	-0.632628	1.185978	-0.009465	0.003614	-0.002098	0.463015	0.865791	-0.138517	0.129754	0.033117	-0.011730	0.010627
SSD_E	25.894544	29.301348	14.563354	-0.000722	-0.000700	0.003022	0.383553	0.895228	-0.226115	0.018087	0.003720	0.013934	-0.002179
SSD_E	-25.345850	-16.443534	24.363844	0.003138	0.000867	0.000583	0.605483	-0.642667	0.457166	0.106625	0.020357	0.011109	-0.032416
SSD_E	-9.964664	-10.826666	19.112135	-0.001861	-0.004808	0.001115	0.218487	0.809431	0.544199	-0.030542	0.039597	-0.017944	-0.010999
SSD_E	15.938098	3.991518	19.540731	-0.000085	-0.000585	-0.001224	0.052233	-0.875701	0.300515	0.374313	-0.024772	0.016815	-0.002787
SSD_E	-14.208842	22.572586	12.724933	0.001001	-0.003396	-0.004865	0.632612	-0.026229	0.564240	-0.529855	0.049192	0.007581	-0.010624
SSD_E	13.560094	-4.417967	11.455125	-0.000788	0.001848	-0.001445	0.146948	0.312816	0.406562	-0.845730	-0.012471	0.005139	0.046137
SSD_E	-0.842047	3.425822	3.973227	-0.000534	0.001691	0.003718	0.508396	0.759051	-0.394596	-0.098331	0.009277	-0.015123	-0.019463
SSD_E	-7.932033	6.364589	14.879759	0.002994	-0.003776	-0.002883	0.018149	0.027868	-0.949041	-0.313392	-0.028980	0.007654	0.014852
SSD_E	7.687693	16.217414	1.671740	0.002397	-0.000705	0.001177	0.262363	0.820258	0.071580	0.503208	-0.030027	0.003218	-0.035996
SSD_E	4.570992	-11.126858	8.738716	-0.002377	-0.001262	-0.001054	0.665382	-0.738590	0.108024	-0.009076	-0.014486	-0.018438	0.005668
SSD_E	7.676500	1.697435	40.902484	0.002717	-0.000908	0.003416	0.291118	-0.572652	-0.029374	-0.765805	0.002740	0.005288	-0.013971
SSD_E	19.445474	33.217478	5.918591	0.003240	0.006823	-0.002083	0.413735	0.093808	0.679351	-0.598753	-0.024185	0.005950	0.012688
SSD_E	-18.832596	7.734890	5.530168	-0.002986	-0.008305	0.000986	0.845488	-0.072509	0.038000	-0.527682	-0.004689	-0.021267	-0.006756
SSD_E	-0.167533	-1.351712	16.723380	-0.004802	0.001238	-0.010165	0.024912	-0.719755	-0.530992	-0.446520	-0.000321	-0.017162	0.000240
SSD_E	1.971041	2.190706	26.936054	0.003718	-0.003033	-0.007641	0.214305	-0.727147	0.499243	0.419629	-0.031086	0.010391	-0.025829
SSD_E	3.760748	2.547748	-7.747985	0.002084	-0.000061	-0.005087	0.007744	0.040271	0.557106	0.829428	-0.002731	-0.008041	-0.005416
SSD_E	10.140404	20.336402	-5.443854	-0.003442	-0.005236	0.003741	0.331373	0.313960	-0.515946	-0.724859	0.016844	-0.003404	-0.010660
SSD_E	31.430709	10.038200	4.223536	-0.002551	0.002706	0.005904	0.928327	0.221734	-0.095361	-0.282754	0.015739	-0.012400	0.011371
SSD_E	19.229854	-7.542596	2.399063	-0.002354	-0.001343	0.000672	0.730851	-0.092586	0.675442	0.032598	0.032048	0.005681	0.002955
SSD_E	-1.358756	-5.441663	-1.550111	0.006215	0.000735	0.005153	0.530731	0.471056	0.320765	0.627328	0.021186	0.003822	0.011000
SSD_E	1.112438	0.535662	-1.936943	0.002537	0.003530	-0.001049	0.194588	0.386697	0.071680	-0.898589	0.018456	-0.017713	0.014734
SSD_E	13.849478	-3.510764	-1.874835	-0.001064	-0.005273	-0.007910	0.860528	0.011161	0.197192	0.469556	-0.016213	0.000678	-0.026741
SSD_E	-8.973492	37.032341	24.924006	-0.004990	0.006380	0.001746	0.217025	-0.145973	-0.941558	0.212275	-0.003720	0.000188	-0.003689
SSD_E	-11.401681	24.569577	9.448075	-0.002037	-0.003116	-0.003124	0.413136	-0.210465	-0.768336	0.441230	-0.006876	0.006154	0.006176
SSD_E	18.440847	-15.063285	-8.137804	-0.000937	-0.003149	0.000278	0.198405	-0.210466	-0.719494	0.631402	0.025952	-0.017153	-0.006954
SSD_E	-40.031328	10.716775	13.297900	-0.001615	-0.009719	0.008011	0.346821	0.701422	-0.532087	0.323428	0.001825	0.011321	0.006188
SSD_E	0.526205	32.500689	9.381215	-0.000206	0.001748	0.002922	0.087887	0.344971	0.054201	0.932917	0.026912	0.008959	0.008890
SSD_E	-0.669318	7.888285	-6.267144	0.004385	-0.006038	0.001002	0.163605	0.755773	0.253936	-0.580997	0.006048	0.001951	-0.014788
SSD_E	0.804655	14.147120	3.929280	0.002769	0.002031	0.005377	0.599472	-0.088177	-0.755515	0.249108	-0.023747	0.015481	0.009317
SSD_E	-2.998324	34.996035	3.295201	0.001707	-0.002113	-0.001683	0.179428	0.093383	-0.887258	0.414559	0.023794	-0.008201	0.006582
SSD_E	26.093069	9.187975	-7.287996	-0.001921	0.000974	0.003096	0.043319	-0.414783	-0.606570	0.676869	0.021231	0.007551	0.012213
SSD_E	-24.268776	9.061258	20.489011	-0.007047	-0.000575	-0.001399	0.383944	0.702104	0.596166	0.064992	0.052852	0.004289	-0.011638
SSD_E	15.946157	24.148963	9.648694	0.004146	0.004693	0.002114	0.545658	0.444545	-0.139393	-0.696568	0.003013	0.000059	0.005815
SSD_E	1.400275	17.223875	2.906114	0.004797	-0.002777	0.001885	0.961114	0.046364	-0.071350	-0.262714	0.022774	-0.004815	0.012251
SSD_E	24.221517	24.745522	14.625735	-0.000592	0.003235	-0.000743	0.341522	-0.058681	0.891302	0.292403	-0.057255	-0.037359	0.010686
SSD_E	14.060185	8.796701	35.087736	-0.002539	-0.000252	-0.000328	0.178498	0.878474	-0.358747	-0.260236	-0.003760	-0.006391	-0.021092
SSD_E	-1.718993	18.464514	-12.422271	0.005710	0.000287	-0.003902	0.866644	0.477292	-0.001665	0.145318	0.019259	-0.017496	0.005307
SSD_E	-2.006564	1.189698	18.885379	0.006386	0.002661	-0.000887	0.117570	-0.252483	0.138253	-0.950429	0.005467	-0.011003	0.017312
SSD_E	-6.626352	-16.527066	11.137156	-0.002662	0.005075	-0.001685	0.552985	-0.773606	-0.294512	-0.094888	-0.014906	-0.002752	0.033543
SSD_E	-5.557747	22.817787	5.606033	-0.002261	-0.001977	-0.001522	0.437224	0.261580	0.050102	-0.859011	0.027414	-0.005869	-0.013811
SSD_E	10.707877	1.942914	11.650867	0.004421	0.000497	0.003197	0.705012	0.290473	0.302538	-0.571887	0.001158	0.021360	0.001803
SSD_E	21.740203	6.622921	6.077252	0.004806	0.003610	0.007275	0.700237	-0.194865	0.106466	-0.678498	-0.002346	-0.001590	0.000608
Cl-	12.629461	-3.561521	-9.850901	0.001765	0.003688	0.006988	0.0	0.0	0.0	0.0	0.0	0.0	0.0
