863
10000;	33.9578	0	0;	0	33.9578	0;	0	0	33.9578;	3.3946e-05	-0.513697	;6.90229e-06	0	0;	0	6.90229e-06	0;	0	0	6.90229e-06;
linear	2.995790	12.123257	5.927434	0.001685	0.000846	0.000980	0.735521	0.608184	-0.034503	0.296532	-0.026575	0.006268	0.000000
Ar	13.233343	2.179122	-1.788071	0.002470	-0.000437	-0.000743	0.0	0.0	0.0	0.0	0.0	0.0	0.0
Ar	16.184305	-6.377283	-3.146041	0.000308	0.001402	-0.000452	0.0	0.0	0.0	0.0	0.0	0.0	0.0
Ar	5.850209	-25.913579	-14.840766	-0.002088	-0.000665	0.001903	0.0	0.0	0.0	0.0	0.0	0.0	0.0
Ar	-8.870668	-17.030490	9.228268	0.000999	-0.000600	0.000147	0.0	0.0	0.0	0.0	0.0	0.0	0.0
Ar	11.984139	-12.920354	-0.401890	-0.001410	-0.000130	0.001368	0.0	0.0	0.0	0.0	0.0	0.0	0.0
Ar	1.295377	-18.163660	-9.897749	0.000945	-0.000002	0.000429	0.0	0.0	0.0	0.0	0.0	0.0	0.0
Ar	10.230596	-7.260394	-18.314231	-0.000698	-0.001661	-0.001455	0.0	0.0	0.0	0.0	0.0	0.0	0.0
Ar	4.310729	-18.355992	13.059837	-0.000517	0.001333	0.001457	0.0	0.0	0.0	0.0	0.0	0.0	0.0
Ar	22.360358	-0.242095	21.222251	-0.001150	0.000683	-0.001732	0.0	0.0	0.0	0.0	0.0	0.0	0.0
Ar	6.441098	-9.043411	-8.826592	-0.001218	0.003098	0.000536	0.0	0.0	0.0	0.0	0.0	0.0	0.0
Ar	-1.876138	12.496108	3.102512	-0.000200	-0.001835	0.002411	0.0	0.0	0.0	0.0	0.0	0.0	0.0
Ar	2.805581	0.240406	5.608658	-0.001344	-0.000535	0.000345	0.0	0.0	0.0	0.0	0.0	0.0	0.0
Ar	-5.598375	-9.509637	4.052060	0.001737	-0.001904	0.000948	0.0	0.0	0.0	0.0	0.0	0.0	0.0
Ar	9.795538	11.440793	-23.957322	-0.000940	0.001156	-0.000540	0.0	0.0	0.0	0.0	0.0	0.0	0.0
Ar	-8.396992	-3.273029	-2.828242	-0.000650	-0.000724	-0.000290	0.0	0.0	0.0	0.0	0.0	0.0	0.0
Ar	-17.048711	15.956245	5.643446	-0.001220	-0.003079	-0.002383	0.0	0.0	0.0	0.0	0.0	0.0	0.0
Ar	-14.255184	16.041009	-15.514795	-0.001276	-0.001447	0.000774	0.0	0.0	0.0	0.0	0.0	0.0	0.0
Ar	5.997274	1.812593	6.614273	0.000905	0.000645	-0.001194	0.0	0.0	0.0	0.0	0.0	0.0	0.0
Ar	3.832569	14.190421	-11.534522	-0.000210	-0.001922	-0.000458	0.0	0.0	0.0	0.0	0.0	0.0	0.0
Ar	-7.110836	8.167636	-11.542735	-0.000662	-0.003513	-0.000520	0.0	0.0	0.0	0.0	0.0	0.0	0.0
Ar	-15.112655	3.826300	3.741321	0.000457	0.001207	-0.000453	0.0	0.0	0.0	0.0	0.0	0.0	0.0
Ar	3.000955	4.305888	4.786027	-0.000448	-0.000068	0.000474	0.0	0.0	0.0	0.0	0.0	0.0	0.0
Ar	-12.461918	-12.260706	-2.824948	0.002075	0.000775	-0.001616	0.0	0.0	0.0	0.0	0.0	0.0	0.0
Ar	7.147846	-12.338624	-4.235366	0.001841	-0.000786	-0.001559	0.0	0.0	0.0	0.0	0.0	0.0	0.0
Ar	-14.755168	-5.013462	7.133263	-0.000255	-0.003473	0.000699	0.0	0.0	0.0	0.0	0.0	0.0	0.0
Ar	-1.630879	1.334445	18.995902	-0.000054	0.000203	-0.000295	0.0	0.0	0.0	0.0	0.0	0.0	0.0
Ar	11.609208	-8.717277	-3.083616	0.000164	-0.000776	0.000061	0.0	0.0	0.0	0.0	0.0	0.0	0.0
Ar	-4.192722	-1.323365	-7.126190	0.000597	0.001230	-0.000257	0.0	0.0	0.0	0.0	0.0	0.0	0.0
Ar	-2.455014	-1.900777	10.656511	0.002499	0.000776	-0.001664	0.0	0.0	0.0	0.0	0.0	0.0	0.0
Ar	18.244902	6.536776	1.482448	0.000746	-0.000678	-0.000757	0.0	0.0	0.0	0.0	0.0	0.0	0.0
Ar	-13.249519	17.477000	15.113164	-0.000074	-0.000017	-0.000607	0.0	0.0	0.0	0.0	0.0	0.0	0.0
Ar	-5.114178	11.837778	4.973775	0.000536	-0.000133	-0.001716	0.0	0.0	0.0	0.0	0.0	0.0	0.0
Ar	-18.567133	-14.872863	-9.076508	-0.000594	-0.000255	0.000855	0.0	0.0	0.0	0.0	0.0	0.0	0.0
Ar	6.085503	12.897203	-23.551688	-0.002058	0.000918	0.000351	0.0	0.0	0.0	0.0	0.0	0.0	0.0
Ar	-16.074307	-4.435292	14.336917	-0.001023	-0.000059	-0.000552	0.0	0.0	0.0	0.0	0.0	0.0	0.0
Ar	7.745692	19.613681	8.240575	-0.001315	0.000723	-0.001189	0.0	0.0	0.0	0.0	0.0	0.0	0.0
Ar	14.345258	7.298371	8.600854	0.000979	0.000029	-0.001516	0.0	0.0	0.0	0.0	0.0	0.0	0.0
Ar	11.502340	1.263374	-5.092067	0.000743	0.000693	0.001238	0.0	0.0	0.0	0.0	0.0	0.0	0.0
Ar	26.592575	-8.242553	0.601212	0.001725	0.000291	-0.000260	0.0	0.0	0.0	0.0	0.0	0.0	0.0
Ar	-10.842449	12.044947	7.844538	-0.000107	0.000973	-0.002118	0.0	0.0	0.0	0.0	0.0	0.0	0.0
Ar	3.386935	-19.548890	0.374835	-0.000297	0.001549	-0.000939	0.0	0.0	0.0	0.0	0.0	0.0	0.0
Ar	9.807433	-6.734282	0.361166	0.000199	-0.000974	0.001060	0.0	0.0	0.0	0.0	0.0	0.0	0.0
Ar	-6.803238	10.705357	-1.840174	-0.000063	-0.000772	-0.000304	0.0	0.0	0.0	0.0	0.0	0.0	0.0
Ar	10.555012	-6.098152	-6.239796	-0.001628	-0.000307	-0.002291	0.0	0.0	0.0	0.0	0.0	0.0	0.0
Ar	-12.944495	-7.923822	-3.149498	-0.000075	-0.000267	0.001021	0.0	0.0	0.0	0.0	0.0	0.0	0.0
Ar	-0.947777	18.489223	25.299729	0.001737	0.000408	0.000771	0.0	0.0	0.0	0.0	0.0	0.0	0.0
Ar	13.899561	1.409886	2.902805	-0.000118	0.000321	0.000686	0.0	0.0	0.0	0.0	0.0	0.0	0.0
Ar	19.391810	-0.925298	-2.595848	-0.000926	-0.000424	0.000054	0.0	0.0	0.0	0.0	0.0	0.0	0.0
Ar	-18.302725	-3.557012	-5.908357	0.001016	0.001328	-0.001330	0.0	0.0	0.0	0.0	0.0	0.0	0.0
Ar	-15.541545	-10.210538	-9.629269	0.000685	-0.001196	0.001551	0.0	0.0	0.0	0.0	0.0	0.0	0.0
Ar	13.948268	-5.421589	12.296735	-0.000034	-0.000529	0.001272	0.0	0.0	0.0	0.0	0.0	0.0	0.0
Ar	0.299576	13.938116	-13.216667	0.001221	-0.001195	-0.000478	0.0	0.0	0.0	0.0	0.0	0.0	0.0
Ar	-6.878513	-20.275090	7.415393	-0.000911	-0.000399	0.001480	0.0	0.0	0.0	0.0	0.0	0.0	0.0
Ar	-24.017725	18.247309	17.744005	0.000107	0.001474	-0.000282	0.0	0.0	0.0	0.0	0.0	0.0	0.0
Ar	-9.493185	2.030357	-10.710126	0.002001	-0.000244	-0.000264	0.0	0.0	0.0	0.0	0.0	0.0	0.0
Ar	5.225480	-2.830435	-27.262974	-0.000435	0.000216	-0.001886	0.0	0.0	0.0	0.0	0.0	0.0	0.0
Ar	-27.038469	-2.071127	12.575872	-0.000534	-0.000982	-0.000043	0.0	0.0	0.0	0.0	0.0	0.0	0.0
Ar	-10.506101	10.868042	-2.332211	-0.002167	0.001835	0.000589	0.0	0.0	0.0	0.0	0.0	0.0	0.0
Ar	-19.800991	7.026109	-18.262439	0.003044	-0.000110	-0.001566	0.0	0.0	0.0	0.0	0.0	0.0	0.0
Ar	8.017175	11.484204	6.666154	-0.001334	0.000994	0.000508	0.0	0.0	0.0	0.0	0.0	0.0	0.0
Ar	-4.964613	1.063064	20.986111	-0.000446	-0.001135	-0.000517	0.0	0.0	0.0	0.0	0.0	0.0	0.0
Ar	4.572385	-14.106628	-13.076936	0.001344	0.001350	0.001268	0.0	0.0	0.0	0.0	0.0	0.0	0.0
Ar	-2.588851	-0.744170	-19.147161	0.001238	-0.002676	-0.002257	0.0	0.0	0.0	0.0	0.0	0.0	0.0
Ar	16.622323	-0.580458	-4.509149	-0.001930	0.002721	0.000644	0.0	0.0	0.0	0.0	0.0	0.0	0.0
Ar	15.139386	4.880996	3.990618	-0.002683	0.002406	0.000110	0.0	0.0	0.0	0.0	0.0	0.0	0.0
Ar	-3.559233	12.088895	-1.201531	-0.000049	-0.001259	-0.001658	0.0	0.0	0.0	0.0	0.0	0.0	0.0
Ar	-11.500608	-7.200717	6.070479	0.000125	-0.000205	-0.000026	0.0	0.0	0.0	0.0	0.0	0.0	0.0
Ar	13.391188	9.748183	-6.080618	0.000304	-0.000148	-0.000378	0.0	0.0	0.0	0.0	0.0	0.0	0.0
Ar	-2.053407	2.720922	22.541923	0.000950	-0.001756	0.002487	0.0	0.0	0.0	0.0	0.0	0.0	0.0
Ar	-0.332274	-7.891902	6.042484	0.000395	-0.000393	0.001147	0.0	0.0	0.0	0.0	0.0	0.0	0.0
Ar	-11.715767	18.838353	3.352674	0.001245	0.002346	-0.000692	0.0	0.0	0.0	0.0	0.0	0.0	0.0
Ar	-8.467080	12.303366	-18.980766	-0.000086	-0.000532	-0.001805	0.0	0.0	0.0	0.0	0.0	0.0	0.0
Ar	-3.093015	4.776550	-7.966041	0.000977	0.000326	-0.000437	0.0	0.0	0.0	0.0	0.0	0.0	0.0
Ar	-4.546952	11.609718	-24.400063	0.000291	-0.000007	0.000738	0.0	0.0	0.0	0.0	0.0	0.0	0.0
Ar	0.316465	4.597433	-8.899016	0.001329	-0.001425	-0.000916	0.0	0.0	0.0	0.0	0.0	0.0	0.0
Ar	-15.342074	8.306594	-11.479476	0.000933	0.001370	-0.000723	0.0	0.0	0.0	0.0	0.0	0.0	0.0
Ar	-16.730941	11.407671	-5.587725	0.000128	-0.000339	-0.000304	0.0	0.0	0.0	0.0	0.0	0.0	0.0
Ar	-1.209944	7.922895	-9.853235	0.000870	0.000697	-0.000653	0.0	0.0	0.0	0.0	0.0	0.0	0.0
Ar	19.968964	-9.563547	7.224186	0.001144	0.002075	0.000200	0.0	0.0	0.0	0.0	0.0	0.0	0.0
Ar	-4.858419	13.118418	22.800945	0.000903	0.000721	-0.002119	0.0	0.0	0.0	0.0	0.0	0.0	0.0
Ar	-9.582133	8.608069	10.639425	-0.001370	0.000315	-0.000168	0.0	0.0	0.0	0.0	0.0	0.0	0.0
Ar	-3.073679	-4.935243	-6.452256	0.001693	0.001430	0.000191	0.0	0.0	0.0	0.0	0.0	0.0	0.0
Ar	5.801623	8.635752	-18.614049	0.001015	0.000808	0.000919	0.0	0.0	0.0	0.0	0.0	0.0	0.0
Ar	10.443720	6.236718	-1.719480	-0.000690	0.000854	-0.001036	0.0	0.0	0.0	0.0	0.0	0.0	0.0
Ar	9.678727	-3.971597	14.529088	-0.000640	0.001134	0.001640	0.0	0.0	0.0	0.0	0.0	0.0	0.0
Ar	-6.703381	9.496717	16.407558	0.000911	-0.000305	0.001799	0.0	0.0	0.0	0.0	0.0	0.0	0.0
Ar	13.237821	-17.292326	-15.573085	-0.000292	0.000497	-0.000986	0.0	0.0	0.0	0.0	0.0	0.0	0.0
Ar	5.862783	-1.706131	-6.102721	-0.001169	0.000355	0.001299	0.0	0.0	0.0	0.0	0.0	0.0	0.0
Ar	2.438807	-9.874071	-16.371675	0.000293	0.000994	-0.000600	0.0	0.0	0.0	0.0	0.0	0.0	0.0
Ar	14.673837	-1.288304	5.528714	0.000094	0.001624	-0.000752	0.0	0.0	0.0	0.0	0.0	0.0	0.0
Ar	1.728773	-2.268446	2.503980	-0.000319	0.000394	0.002235	0.0	0.0	0.0	0.0	0.0	0.0	0.0
Ar	-0.787876	-2.535940	19.649159	0.000244	-0.002020	-0.000107	0.0	0.0	0.0	0.0	0.0	0.0	0.0
Ar	-15.108366	-2.233009	4.957598	-0.000074	0.000659	-0.002590	0.0	0.0	0.0	0.0	0.0	0.0	0.0
Ar	-17.470323	-8.166566	7.202255	0.000096	0.002541	-0.000993	0.0	0.0	0.0	0.0	0.0	0.0	0.0
Ar	-10.682528	6.919719	-3.180048	-0.000130	0.001397	-0.000461	0.0	0.0	0.0	0.0	0.0	0.0	0.0
Ar	10.559747	-3.345001	-1.377044	-0.000447	0.000684	0.000882	0.0	0.0	0.0	0.0	0.0	0.0	0.0
Ar	17.284959	-11.024559	4.617337	0.001125	0.000286	-0.002105	0.0	0.0	0.0	0.0	0.0	0.0	0.0
Ar	-0.911551	9.737509	9.067012	0.000504	-0.001542	-0.000040	0.0	0.0	0.0	0.0	0.0	0.0	0.0
Ar	6.053617	13.477062	2.380801	0.001148	0.000868	0.001141	0.0	0.0	0.0	0.0	0.0	0.0	0.0
Ar	-2.840077	-8.349629	-17.098509	-0.000982	0.000902	-0.000565	0.0	0.0	0.0	0.0	0.0	0.0	0.0
Ar	-8.058563	-5.518375	10.009248	-0.002094	0.001701	0.002706	0.0	0.0	0.0	0.0	0.0	0.0	0.0
Ar	-8.904456	-3.441929	-9.809823	0.001248	0.001417	-0.000333	0.0	0.0	0.0	0.0	0.0	0.0	0.0
Ar	12.949375	-5.159368	-3.745865	-0.000493	-0.000407	0.000791	0.0	0.0	0.0	0.0	0.0	0.0	0.0
Ar	16.285696	-14.960847	-14.803206	-0.000575	-0.000717	-0.000436	0.0	0.0	0.0	0.0	0.0	0.0	0.0
Ar	0.353037	-5.719695	1.759980	0.001816	0.001745	0.000224	0.0	0.0	0.0	0.0	0.0	0.0	0.0
Ar	7.380285	11.214703	-4.563293	-0.001354	0.000995	-0.000178	0.0	0.0	0.0	0.0	0.0	0.0	0.0
Ar	-10.235125	1.079933	6.529740	-0.000853	0.002227	0.000274	0.0	0.0	0.0	0.0	0.0	0.0	0.0
Ar	3.576021	10.477111	17.513601	-0.000580	-0.000026	0.000817	0.0	0.0	0.0	0.0	0.0	0.0	0.0
Ar	12.497035	-13.491432	-10.166940	0.000489	0.001484	-0.000827	0.0	0.0	0.0	0.0	0.0	0.0	0.0
Ar	-17.785088	-9.483528	-13.074571	0.000914	-0.001357	0.001872	0.0	0.0	0.0	0.0	0.0	0.0	0.0
Ar	-4.153113	-3.306707	-3.246460	-0.000130	-0.000037	-0.001362	0.0	0.0	0.0	0.0	0.0	0.0	0.0
Ar	-2.667295	-11.937512	-2.258927	-0.000291	-0.001874	-0.001204	0.0	0.0	0.0	0.0	0.0	0.0	0.0
Ar	-11.809009	11.310996	-12.777662	-0.002107	-0.000306	0.000154	0.0	0.0	0.0	0.0	0.0	0.0	0.0
Ar	9.818482	3.054324	-0.045540	-0.002041	0.000000	-0.000951	0.0	0.0	0.0	0.0	0.0	0.0	0.0
Ar	-12.891500	-17.275835	-10.366563	0.000167	-0.000944	-0.001144	0.0	0.0	0.0	0.0	0.0	0.0	0.0
Ar	6.887298	5.316528	-1.203535	-0.000642	-0.000256	-0.000535	0.0	0.0	0.0	0.0	0.0	0.0	0.0
Ar	8.340868	-0.289226	1.388854	-0.001133	0.000036	0.000606	0.0	0.0	0.0	0.0	0.0	0.0	0.0
Ar	21.191383	-7.385452	-6.884598	0.000156	-0.001525	0.001590	0.0	0.0	0.0	0.0	0.0	0.0	0.0
Ar	7.275485	4.390098	15.715460	-0.001206	0.000141	0.000388	0.0	0.0	0.0	0.0	0.0	0.0	0.0
Ar	-17.051410	7.289749	-5.623989	-0.001607	0.000008	0.001057	0.0	0.0	0.0	0.0	0.0	0.0	0.0
Ar	-3.174447	2.059345	5.135740	0.000305	0.000366	0.000956	0.0	0.0	0.0	0.0	0.0	0.0	0.0
Ar	-19.080708	-0.001392	26.502048	-0.000925	0.000937	-0.000162	0.0	0.0	0.0	0.0	0.0	0.0	0.0
Ar	19.367276	-14.306053	5.498978	-0.000333	0.001540	-0.001758	0.0	0.0	0.0	0.0	0.0	0.0	0.0
Ar	-17.508527	-18.259484	9.453725	0.000275	-0.000405	-0.001384	0.0	0.0	0.0	0.0	0.0	0.0	0.0
Ar	17.166058	12.128315	4.998434	0.001470	-0.001931	-0.001715	0.0	0.0	0.0	0.0	0.0	0.0	0.0
Ar	-4.771863	-15.060075	-4.103172	-0.000289	0.000759	0.000064	0.0	0.0	0.0	0.0	0.0	0.0	0.0
Ar	19.343530	6.254706	-8.376724	-0.001779	-0.000602	-0.000713	0.0	0.0	0.0	0.0	0.0	0.0	0.0
Ar	-19.253179	2.977388	-4.971666	-0.000202	-0.000079	-0.001227	0.0	0.0	0.0	0.0	0.0	0.0	0.0
Ar	-8.212449	16.561359	-2.482160	0.000098	0.000910	0.000633	0.0	0.0	0.0	0.0	0.0	0.0	0.0
Ar	-5.797472	-10.183735	-2.246731	0.000933	0.000539	0.001550	0.0	0.0	0.0	0.0	0.0	0.0	0.0
Ar	-1.244924	2.591046	0.318682	-0.001718	0.000931	0.002026	0.0	0.0	0.0	0.0	0.0	0.0	0.0
Ar	-6.352959	-7.562052	16.617599	-0.002963	-0.001224	0.000063	0.0	0.0	0.0	0.0	0.0	0.0	0.0
Ar	-15.523252	-23.336649	-14.713374	0.000423	-0.001486	0.002580	0.0	0.0	0.0	0.0	0.0	0.0	0.0
Ar	-6.961985	5.742452	-4.252630	0.000177	-0.000538	-0.001073	0.0	0.0	0.0	0.0	0.0	0.0	0.0
Ar	12.596052	-4.477973	4.418746	-0.002004	0.001015	0.000602	0.0	0.0	0.0	0.0	0.0	0.0	0.0
Ar	4.541640	-8.402623	14.457484	0.001428	-0.001284	-0.000646	0.0	0.0	0.0	0.0	0.0	0.0	0.0
Ar	-20.720219	6.074441	19.687992	-0.001256	-0.000595	0.000661	0.0	0.0	0.0	0.0	0.0	0.0	0.0
Ar	5.620402	11.581149	-0.944392	-0.000868	-0.000126	0.000193	0.0	0.0	0.0	0.0	0.0	0.0	0.0
Ar	0.710017	-5.204671	-4.932870	0.000751	0.000297	0.000189	0.0	0.0	0.0	0.0	0.0	0.0	0.0
Ar	-10.694068	8.171174	6.785087	0.000441	-0.000295	-0.001517	0.0	0.0	0.0	0.0	0.0	0.0	0.0
Ar	-11.194088	3.582806	-7.667125	0.000982	-0.001171	0.001056	0.0	0.0	0.0	0.0	0.0	0.0	0.0
Ar	14.100805	5.943415	12.189281	0.001143	-0.002618	-0.001845	0.0	0.0	0.0	0.0	0.0	0.0	0.0
Ar	-3.529882	-18.445599	6.245904	-0.002398	0.002276	-0.001891	0.0	0.0	0.0	0.0	0.0	0.0	0.0
Ar	-8.425066	-2.212110	2.650623	-0.000389	0.000727	0.000130	0.0	0.0	0.0	0.0	0.0	0.0	0.0
Ar	3.134546	-4.447009	14.536887	0.002385	0.001244	-0.000903	0.0	0.0	0.0	0.0	0.0	0.0	0.0
Ar	7.865248	23.874342	-1.082585	-0.002102	0.000344	-0.000862	0.0	0.0	0.0	0.0	0.0	0.0	0.0
Ar	8.001531	-15.051005	-11.965763	0.001733	0.001711	-0.000261	0.0	0.0	0.0	0.0	0.0	0.0	0.0
Ar	-14.730699	11.608364	-1.907972	0.001332	0.001268	0.001318	0.0	0.0	0.0	0.0	0.0	0.0	0.0
Ar	15.446126	-18.067324	-1.032409	0.000017	0.002557	0.001567	0.0	0.0	0.0	0.0	0.0	0.0	0.0
Ar	0.838883	-14.881903	-3.152029	-0.001131	-0.002976	0.000723	0.0	0.0	0.0	0.0	0.0	0.0	0.0
Ar	-12.733638	-4.582246	3.047497	0.000187	-0.000950	-0.000836	0.0	0.0	0.0	0.0	0.0	0.0	0.0
Ar	-16.586932	-15.260958	8.323732	0.000187	0.001482	0.000408	0.0	0.0	0.0	0.0	0.0	0.0	0.0
Ar	-4.270976	6.432891	16.079236	-0.001067	0.000765	-0.000582	0.0	0.0	0.0	0.0	0.0	0.0	0.0
Ar	-16.898165	1.262684	16.872977	-0.001745	0.001731	-0.000435	0.0	0.0	0.0	0.0	0.0	0.0	0.0
Ar	-0.609480	-11.214491	9.142200	-0.000447	0.000086	-0.002177	0.0	0.0	0.0	0.0	0.0	0.0	0.0
Ar	15.717414	-5.642882	-11.818296	-0.000215	0.000357	0.000936	0.0	0.0	0.0	0.0	0.0	0.0	0.0
Ar	-17.515898	-11.099541	13.452039	0.000605	0.000136	-0.000271	0.0	0.0	0.0	0.0	0.0	0.0	0.0
Ar	-7.199707	10.609442	11.992096	0.001395	0.001093	-0.000692	0.0	0.0	0.0	0.0	0.0	0.0	0.0
Ar	15.433272	-17.209085	-5.806210	-0.001388	-0.000086	-0.000949	0.0	0.0	0.0	0.0	0.0	0.0	0.0
Ar	-26.618084	13.407222	-9.639370	0.000399	-0.000500	0.001410	0.0	0.0	0.0	0.0	0.0	0.0	0.0
Ar	16.174835	1.364500	13.237908	0.000119	0.001711	-0.000499	0.0	0.0	0.0	0.0	0.0	0.0	0.0
Ar	-8.511962	3.941466	-0.967704	0.002558	0.000890	0.000929	0.0	0.0	0.0	0.0	0.0	0.0	0.0
Ar	14.036812	-9.071038	10.199616	-0.000521	-0.000375	-0.000859	0.0	0.0	0.0	0.0	0.0	0.0	0.0
Ar	10.523886	11.859375	-7.063047	-0.000636	-0.001843	0.002129	0.0	0.0	0.0	0.0	0.0	0.0	0.0
Ar	16.119699	0.237252	-0.552412	-0.000206	-0.001680	0.002053	0.0	0.0	0.0	0.0	0.0	0.0	0.0
Ar	-14.708474	13.849816	21.457405	-0.000312	0.001711	0.001908	0.0	0.0	0.0	0.0	0.0	0.0	0.0
Ar	12.089877	-13.645400	13.186866	-0.000296	-0.001341	0.000932	0.0	0.0	0.0	0.0	0.0	0.0	0.0
Ar	-24.025528	20.305496	3.361435	-0.000310	0.000087	-0.000175	0.0	0.0	0.0	0.0	0.0	0.0	0.0
Ar	7.022610	-4.953234	9.138234	-0.001790	-0.001559	-0.000005	0.0	0.0	0.0	0.0	0.0	0.0	0.0
Ar	10.377425	8.608926	6.888528	0.000785	0.000176	0.000498	0.0	0.0	0.0	0.0	0.0	0.0	0.0
Ar	10.720552	13.468644	-10.524431	-0.000533	0.001871	-0.000071	0.0	0.0	0.0	0.0	0.0	0.0	0.0
Ar	14.826206	10.455356	18.429222	-0.000354	-0.001563	0.001271	0.0	0.0	0.0	0.0	0.0	0.0	0.0
Ar	-13.798512	5.131414	-13.194827	-0.000959	0.000669	0.000197	0.0	0.0	0.0	0.0	0.0	0.0	0.0
Ar	-16.258343	-13.179360	16.022104	-0.001244	0.001692	-0.000214	0.0	0.0	0.0	0.0	0.0	0.0	0.0
Ar	9.165776	-3.126910	-4.648714	0.002046	0.000143	-0.001170	0.0	0.0	0.0	0.0	0.0	0.0	0.0
Ar	14.137171	-16.263848	-12.247597	0.000508	-0.000202	-0.000393	0.0	0.0	0.0	0.0	0.0	0.0	0.0
Ar	-12.714061	-23.568071	-17.776755	0.002078	-0.001698	0.001466	0.0	0.0	0.0	0.0	0.0	0.0	0.0
Ar	7.530350	-13.455848	-15.018966	-0.002786	0.000481	-0.001013	0.0	0.0	0.0	0.0	0.0	0.0	0.0
Ar	16.703993	3.628005	-9.889262	-0.001736	-0.000873	0.000883	0.0	0.0	0.0	0.0	0.0	0.0	0.0
Ar	-2.532294	-7.579071	2.966434	-0.000869	-0.000047	0.000191	0.0	0.0	0.0	0.0	0.0	0.0	0.0
Ar	-22.359106	-13.463728	7.097979	-0.001247	0.000308	0.002137	0.0	0.0	0.0	0.0	0.0	0.0	0.0
Ar	12.529574	-9.964729	6.961990	0.000748	0.002368	-0.000417	0.0	0.0	0.0	0.0	0.0	0.0	0.0
Ar	1.496620	11.883699	10.542162	-0.001177	-0.000169	-0.001353	0.0	0.0	0.0	0.0	0.0	0.0	0.0
Ar	-17.714339	9.506931	-8.969240	0.001732	-0.001358	-0.001537	0.0	0.0	0.0	0.0	0.0	0.0	0.0
Ar	-5.249247	12.875813	16.762364	-0.000387	0.000994	0.000220	0.0	0.0	0.0	0.0	0.0	0.0	0.0
Ar	9.722711	8.902779	-14.117919	0.000634	0.001201	-0.003057	0.0	0.0	0.0	0.0	0.0	0.0	0.0
Ar	-0.702658	-11.878836	-10.289546	-0.001179	0.001016	0.001658	0.0	0.0	0.0	0.0	0.0	0.0	0.0
Ar	6.108595	-3.432035	-17.449871	0.000453	-0.000276	-0.000092	0.0	0.0	0.0	0.0	0.0	0.0	0.0
Ar	-12.415658	-10.771941	-11.781453	0.001689	-0.000515	0.002085	0.0	0.0	0.0	0.0	0.0	0.0	0.0
Ar	-7.956045	-8.245517	6.633806	0.001284	0.000518	0.001498	0.0	0.0	0.0	0.0	0.0	0.0	0.0
Ar	12.331184	-6.693910	21.813912	-0.000126	0.000079	-0.000545	0.0	0.0	0.0	0.0	0.0	0.0	0.0
Ar	23.777580	-11.045479	7.618910	0.001368	-0.001514	0.001483	0.0	0.0	0.0	0.0	0.0	0.0	0.0
Ar	-14.816313	-7.247297	10.194883	-0.001354	0.000762	-0.001875	0.0	0.0	0.0	0.0	0.0	0.0	0.0
Ar	-9.037587	1.391317	11.647142	-0.000828	0.001043	-0.000218	0.0	0.0	0.0	0.0	0.0	0.0	0.0
Ar	3.039353	-8.010260	1.391203	-0.000199	-0.001382	-0.001170	0.0	0.0	0.0	0.0	0.0	0.0	0.0
Ar	-3.556820	5.915688	-4.452884	-0.001602	-0.000579	0.000408	0.0	0.0	0.0	0.0	0.0	0.0	0.0
Ar	-1.449580	12.392176	-5.093754	0.000661	0.000370	0.001834	0.0	0.0	0.0	0.0	0.0	0.0	0.0
Ar	1.945255	17.332248	15.247600	0.001550	0.000403	0.001203	0.0	0.0	0.0	0.0	0.0	0.0	0.0
Ar	-9.508142	-6.777425	-3.861419	-0.001210	0.000841	0.002408	0.0	0.0	0.0	0.0	0.0	0.0	0.0
Ar	1.949760	-10.305082	11.892217	-0.001158	0.001964	0.000351	0.0	0.0	0.0	0.0	0.0	0.0	0.0
Ar	-8.637221	-13.050863	-10.839352	0.000387	-0.000571	0.000243	0.0	0.0	0.0	0.0	0.0	0.0	0.0
Ar	-4.254920	6.013280	-11.061116	0.000047	-0.000812	0.000384	0.0	0.0	0.0	0.0	0.0	0.0	0.0
Ar	18.892186	-13.860324	12.521847	-0.000707	-0.000625	-0.000744	0.0	0.0	0.0	0.0	0.0	0.0	0.0
Ar	-4.015464	-11.659851	-16.159629	-0.001481	-0.000096	-0.002077	0.0	0.0	0.0	0.0	0.0	0.0	0.0
Ar	-4.600729	-1.193311	6.488621	0.000455	0.000234	0.000411	0.0	0.0	0.0	0.0	0.0	0.0	0.0
Ar	2.964618	1.822958	12.123023	-0.000788	0.001531	0.001606	0.0	0.0	0.0	0.0	0.0	0.0	0.0
Ar	-1.029637	-4.649223	12.252420	0.000095	-0.000223	-0.000061	0.0	0.0	0.0	0.0	0.0	0.0	0.0
Ar	0.020859	3.561815	10.058560	-0.000661	0.000007	0.000058	0.0	0.0	0.0	0.0	0.0	0.0	0.0
Ar	-10.810220	-8.336245	2.460240	0.000597	0.000267	-0.000748	0.0	0.0	0.0	0.0	0.0	0.0	0.0
Ar	-6.864640	-3.939831	-6.348124	0.000503	-0.000917	0.000528	0.0	0.0	0.0	0.0	0.0	0.0	0.0
Ar	3.838285	3.379795	-18.242441	-0.000493	0.000060	-0.000041	0.0	0.0	0.0	0.0	0.0	0.0	0.0
Ar	-11.091264	-5.470027	11.798974	0.000464	0.000639	-0.000175	0.0	0.0	0.0	0.0	0.0	0.0	0.0
Ar	1.771421	1.195114	-13.387032	-0.000262	-0.000174	0.000730	0.0	0.0	0.0	0.0	0.0	0.0	0.0
Ar	11.623554	5.050864	6.104029	0.001535	0.001440	0.001204	0.0	0.0	0.0	0.0	0.0	0.0	0.0
Ar	7.444827	11.718197	-16.964697	0.001370	0.000527	-0.001163	0.0	0.0	0.0	0.0	0.0	0.0	0.0
Ar	2.901370	-12.302514	2.637881	-0.000393	-0.001073	-0.003016	0.0	0.0	0.0	0.0	0.0	0.0	0.0
Ar	14.498420	-12.660817	10.114923	-0.002491	-0.001066	0.003603	0.0	0.0	0.0	0.0	0.0	0.0	0.0
Ar	-1.270022	-6.497495	-8.781077	0.001138	-0.000089	-0.000097	0.0	0.0	0.0	0.0	0.0	0.0	0.0
Ar	16.288969	7.972594	4.257455	-0.001549	0.001158	-0.000374	0.0	0.0	0.0	0.0	0.0	0.0	0.0
Ar	-8.107895	-15.141822	3.758889	-0.000632	-0.000705	-0.001198	0.0	0.0	0.0	0.0	0.0	0.0	0.0
Ar	3.820782	-0.298768	9.385868	-0.000870	-0.001055	0.002057	0.0	0.0	0.0	0.0	0.0	0.0	0.0
Ar	-6.174060	12.293102	1.567377	0.000107	-0.000337	-0.000887	0.0	0.0	0.0	0.0	0.0	0.0	0.0
Ar	-10.680378	-17.308928	17.279896	-0.001434	-0.001236	-0.000747	0.0	0.0	0.0	0.0	0.0	0.0	0.0
Ar	11.471242	1.008064	-8.823981	0.001227	-0.000606	-0.002218	0.0	0.0	0.0	0.0	0.0	0.0	0.0
Ar	-15.825209	0.787653	-23.963771	0.000123	0.000926	-0.000827	0.0	0.0	0.0	0.0	0.0	0.0	0.0
Ar	-8.200152	11.658446	-12.212662	0.001021	0.000977	0.000861	0.0	0.0	0.0	0.0	0.0	0.0	0.0
Ar	-10.452430	5.171347	-21.331038	-0.000759	-0.000179	0.002610	0.0	0.0	0.0	0.0	0.0	0.0	0.0
Ar	0.999239	-15.522838	11.796918	-0.002658	-0.001177	0.001081	0.0	0.0	0.0	0.0	0.0	0.0	0.0
Ar	10.309436	-17.603295	-12.925312	-0.000918	0.002082	-0.000906	0.0	0.0	0.0	0.0	0.0	0.0	0.0
Ar	-10.769107	-4.050883	20.346509	0.000611	0.002481	0.001362	0.0	0.0	0.0	0.0	0.0	0.0	0.0
Ar	5.212585	-1.384525	2.790376	0.000454	-0.001590	0.001359	0.0	0.0	0.0	0.0	0.0	0.0	0.0
Ar	-1.003115	-0.046133	2.622569	0.003476	-0.001122	0.001228	0.0	0.0	0.0	0.0	0.0	0.0	0.0
Ar	-3.602529	-13.906420	8.297159	0.001819	-0.001347	-0.000042	0.0	0.0	0.0	0.0	0.0	0.0	0.0
Ar	-3.312261	-4.221720	-16.486763	0.000308	0.001154	0.000520	0.0	0.0	0.0	0.0	0.0	0.0	0.0
Ar	-7.274512	0.127636	14.897241	0.000053	0.001093	0.000496	0.0	0.0	0.0	0.0	0.0	0.0	0.0
Ar	-1.279137	16.723346	-5.730152	-0.000236	0.001611	-0.000909	0.0	0.0	0.0	0.0	0.0	0.0	0.0
Ar	4.861265	-7.059862	-11.734841	-0.000356	-0.000655	-0.000464	0.0	0.0	0.0	0.0	0.0	0.0	0.0
Ar	-4.084571	7.994467	-1.899723	-0.001226	0.001345	0.001590	0.0	0.0	0.0	0.0	0.0	0.0	0.0
Ar	5.452470	-12.022257	5.906466	-0.000122	-0.001156	-0.003217	0.0	0.0	0.0	0.0	0.0	0.0	0.0
Ar	-0.910160	-7.464855	-24.302200	0.000593	0.000479	0.002233	0.0	0.0	0.0	0.0	0.0	0.0	0.0
Ar	-5.309113	-14.154008	-0.706048	0.000199	0.000336	-0.001475	0.0	0.0	0.0	0.0	0.0	0.0	0.0
Ar	9.148647	-10.200817	-15.636239	0.000830	-0.000076	0.000454	0.0	0.0	0.0	0.0	0.0	0.0	0.0
Ar	6.589276	1.991230	-1.519444	-0.000678	0.000737	-0.000927	0.0	0.0	0.0	0.0	0.0	0.0	0.0
Ar	-1.828317	1.801747	-3.215048	0.000225	-0.000942	0.001397	0.0	0.0	0.0	0.0	0.0	0.0	0.0
Ar	10.969008	16.280076	-1.852053	-0.000696	0.000408	-0.000946	0.0	0.0	0.0	0.0	0.0	0.0	0.0
Ar	0.223224	-1.268310	-0.658224	-0.002469	0.001613	-0.000478	0.0	0.0	0.0	0.0	0.0	0.0	0.0
Ar	-3.036426	4.900311	12.701445	-0.001064	-0.000964	0.001246	0.0	0.0	0.0	0.0	0.0	0.0	0.0
Ar	-5.178962	-4.386195	-9.582251	-0.000137	-0.001055	0.000929	0.0	0.0	0.0	0.0	0.0	0.0	0.0
Ar	-2.643552	-3.327433	0.823689	0.001059	0.000813	0.000069	0.0	0.0	0.0	0.0	0.0	0.0	0.0
Ar	-10.538247	11.774866	-6.665894	0.000807	-0.000690	0.000060	0.0	0.0	0.0	0.0	0.0	0.0	0.0
Ar	-22.791691	7.753788	10.269863	0.001337	-0.001358	-0.002098	0.0	0.0	0.0	0.0	0.0	0.0	0.0
Ar	-16.939116	-2.012875	8.376621	-0.000318	-0.000949	0.000927	0.0	0.0	0.0	0.0	0.0	0.0	0.0
Ar	-3.194242	-9.723345	-8.427406	0.000140	-0.000748	-0.001489	0.0	0.0	0.0	0.0	0.0	0.0	0.0
Ar	-10.948960	-7.716105	-13.800422	0.001521	-0.002216	0.000266	0.0	0.0	0.0	0.0	0.0	0.0	0.0
Ar	-15.286963	-13.674622	-8.605653	-0.000670	-0.001284	-0.000744	0.0	0.0	0.0	0.0	0.0	0.0	0.0
Ar	11.478446	15.421673	-5.630041	0.001221	0.001930	0.000413	0.0	0.0	0.0	0.0	0.0	0.0	0.0
Ar	-13.526719	7.316246	-21.122343	-0.001368	0.000556	0.001202	0.0	0.0	0.0	0.0	0.0	0.0	0.0
Ar	6.424159	21.772632	1.948424	-0.000097	0.000727	-0.001038	0.0	0.0	0.0	0.0	0.0	0.0	0.0
Ar	11.352453	5.325814	13.954384	0.001107	0.002905	0.000422	0.0	0.0	0.0	0.0	0.0	0.0	0.0
Ar	-4.787650	10.594813	-4.847636	-0.000076	-0.000499	-0.000290	0.0	0.0	0.0	0.0	0.0	0.0	0.0
Ar	5.370082	-8.763382	-3.614702	0.000517	-0.001044	-0.001380	0.0	0.0	0.0	0.0	0.0	0.0	0.0
Ar	-13.500057	8.872795	-4.252436	-0.000746	0.000059	0.000428	0.0	0.0	0.0	0.0	0.0	0.0	0.0
Ar	-9.891307	6.135437	-14.380112	-0.000503	0.000580	-0.000220	0.0	0.0	0.0	0.0	0.0	0.0	0.0
Ar	-12.417540	-3.574463	14.701828	0.000601	0.000869	-0.000042	0.0	0.0	0.0	0.0	0.0	0.0	0.0
Ar	-18.856920	-0.338221	-14.530029	-0.002002	0.000638	-0.001585	0.0	0.0	0.0	0.0	0.0	0.0	0.0
Ar	4.287129	-14.242574	-16.716534	-0.000494	0.001104	0.000502	0.0	0.0	0.0	0.0	0.0	0.0	0.0
Ar	16.964227	-7.248498	1.139014	-0.000276	0.001282	-0.001193	0.0	0.0	0.0	0.0	0.0	0.0	0.0
Ar	-13.809220	-4.744999	17.899129	0.001009	-0.000553	-0.000935	0.0	0.0	0.0	0.0	0.0	0.0	0.0
Ar	-8.562773	5.386733	16.162104	0.000430	0.000279	0.000552	0.0	0.0	0.0	0.0	0.0	0.0	0.0
Ar	6.167181	-10.712992	12.239795	-0.000312	-0.002427	0.000467	0.0	0.0	0.0	0.0	0.0	0.0	0.0
Ar	-11.142333	-8.131908	9.497689	-0.001569	0.002408	-0.000117	0.0	0.0	0.0	0.0	0.0	0.0	0.0
Ar	-15.427108	10.131356	2.317348	-0.000196	0.001519	-0.000529	0.0	0.0	0.0	0.0	0.0	0.0	0.0
Ar	2.734286	-2.179797	-16.169148	-0.001221	0.000985	-0.002245	0.0	0.0	0.0	0.0	0.0	0.0	0.0
Ar	-9.708016	-15.123598	0.106876	-0.000301	-0.001412	-0.000468	0.0	0.0	0.0	0.0	0.0	0.0	0.0
Ar	-10.185825	-5.113086	16.846208	0.000886	0.002876	-0.000755	0.0	0.0	0.0	0.0	0.0	0.0	0.0
Ar	-1.535838	-14.085708	1.810357	-0.000827	0.001067	0.000904	0.0	0.0	0.0	0.0	0.0	0.0	0.0
Ar	-4.414120	5.650523	0.961045	0.000227	-0.001385	-0.000340	0.0	0.0	0.0	0.0	0.0	0.0	0.0
Ar	12.297602	2.620117	19.923146	-0.000049	-0.003738	-0.001653	0.0	0.0	0.0	0.0	0.0	0.0	0.0
Ar	4.526082	18.342240	7.105166	0.002197	0.000747	0.000962	0.0	0.0	0.0	0.0	0.0	0.0	0.0
Ar	17.015624	16.221485	-17.916412	-0.001711	-0.000456	-0.000211	0.0	0.0	0.0	0.0	0.0	0.0	0.0
Ar	-16.031450	23.760285	-2.569144	-0.000372	0.000681	-0.001478	0.0	0.0	0.0	0.0	0.0	0.0	0.0
Ar	-11.205151	-6.658502	-10.195795	0.001741	0.001795	-0.000024	0.0	0.0	0.0	0.0	0.0	0.0	0.0
Ar	19.780392	7.137339	5.308874	0.000917	-0.000993	-0.000452	0.0	0.0	0.0	0.0	0.0	0.0	0.0
Ar	2.431663	-11.248638	-12.916576	-0.000550	0.000624	0.000703	0.0	0.0	0.0	0.0	0.0	0.0	0.0
Ar	15.854561	10.051883	-20.190619	-0.000162	-0.001775	-0.001301	0.0	0.0	0.0	0.0	0.0	0.0	0.0
Ar	6.162944	-5.440988	13.470119	-0.000427	-0.000120	-0.000686	0.0	0.0	0.0	0.0	0.0	0.0	0.0
Ar	6.820734	17.017338	1.082714	-0.000471	-0.000810	-0.002306	0.0	0.0	0.0	0.0	0.0	0.0	0.0
Ar	-16.670803	16.680038	-10.897144	0.002252	-0.000601	-0.001058	0.0	0.0	0.0	0.0	0.0	0.0	0.0
Ar	8.277407	5.612271	20.906252	-0.001671	0.000181	0.002552	0.0	0.0	0.0	0.0	0.0	0.0	0.0
Ar	8.909829	-14.774512	-1.057325	0.000601	0.000510	-0.002725	0.0	0.0	0.0	0.0	0.0	0.0	0.0
Ar	2.196034	17.431754	-5.875627	0.001820	0.000065	0.000307	0.0	0.0	0.0	0.0	0.0	0.0	0.0
Ar	-14.766025	-7.658120	4.112496	-0.002175	-0.001786	-0.001334	0.0	0.0	0.0	0.0	0.0	0.0	0.0
Ar	-6.335209	-0.499535	-3.552204	-0.000655	0.001418	-0.000790	0.0	0.0	0.0	0.0	0.0	0.0	0.0
Ar	0.397369	-19.082539	-20.586859	0.002151	0.001037	0.000674	0.0	0.0	0.0	0.0	0.0	0.0	0.0
Ar	7.134559	-7.087328	16.850613	-0.000886	0.001148	0.000303	0.0	0.0	0.0	0.0	0.0	0.0	0.0
Ar	-12.455255	-13.769680	18.243653	0.000053	0.000695	0.002801	0.0	0.0	0.0	0.0	0.0	0.0	0.0
Ar	5.758021	-7.693000	10.656056	0.000708	-0.000755	0.000789	0.0	0.0	0.0	0.0	0.0	0.0	0.0
Ar	-4.616235	-1.088168	3.054104	-0.002073	0.001031	0.001173	0.0	0.0	0.0	0.0	0.0	0.0	0.0
Ar	-7.523964	10.787520	-8.287539	-0.000546	-0.001271	0.000449	0.0	0.0	0.0	0.0	0.0	0.0	0.0
Ar	-19.947562	13.608454	-3.560545	-0.001989	-0.002867	-0.002533	0.0	0.0	0.0	0.0	0.0	0.0	0.0
Ar	-2.297609	-18.282779	-10.726113	0.000753	-0.000425	0.000870	0.0	0.0	0.0	0.0	0.0	0.0	0.0
Ar	-10.940806	-0.345787	-8.339545	0.001451	0.001227	-0.000128	0.0	0.0	0.0	0.0	0.0	0.0	0.0
Ar	8.035539	14.359970	-5.361114	0.000736	-0.002137	-0.002120	0.0	0.0	0.0	0.0	0.0	0.0	0.0
Ar	22.705511	-1.127888	0.679485	0.002371	0.001702	-0.002640	0.0	0.0	0.0	0.0	0.0	0.0	0.0
Ar	2.055834	7.203452	3.095391	-0.001846	0.000945	-0.001758	0.0	0.0	0.0	0.0	0.0	0.0	0.0
Ar	11.294313	-13.357024	-13.968032	0.000282	0.000548	-0.001980	0.0	0.0	0.0	0.0	0.0	0.0	0.0
Ar	-7.582765	-23.654654	7.794565	0.000617	0.000226	-0.000409	0.0	0.0	0.0	0.0	0.0	0.0	0.0
Ar	-11.307677	-2.440745	5.158895	0.001509	0.001859	-0.001100	0.0	0.0	0.0	0.0	0.0	0.0	0.0
Ar	14.048023	-3.545737	-14.335303	0.000011	-0.000123	-0.001031	0.0	0.0	0.0	0.0	0.0	0.0	0.0
Ar	-6.773487	0.974583	4.827529	0.000607	-0.001944	-0.000972	0.0	0.0	0.0	0.0	0.0	0.0	0.0
Ar	18.563113	0.446044	-12.470157	-0.001834	0.001100	-0.000912	0.0	0.0	0.0	0.0	0.0	0.0	0.0
Ar	1.352649	-19.847787	-6.444668	0.000342	-0.000223	0.002765	0.0	0.0	0.0	0.0	0.0	0.0	0.0
Ar	13.229114	-5.617515	-8.615723	-0.000079	-0.001492	-0.001197	0.0	0.0	0.0	0.0	0.0	0.0	0.0
Ar	-15.415927	4.534049	-23.206337	-0.000217	0.002008	0.000294	0.0	0.0	0.0	0.0	0.0	0.0	0.0
Ar	16.986598	5.057486	-20.022437	0.001155	-0.001168	-0.000068	0.0	0.0	0.0	0.0	0.0	0.0	0.0
Ar	18.198165	2.262979	-3.074338	0.000405	0.000949	0.003225	0.0	0.0	0.0	0.0	0.0	0.0	0.0
Ar	15.716398	18.332705	11.741694	-0.000010	-0.001206	0.001651	0.0	0.0	0.0	0.0	0.0	0.0	0.0
Ar	14.956875	7.552570	0.633383	-0.001199	0.000701	0.000618	0.0	0.0	0.0	0.0	0.0	0.0	0.0
Ar	-1.360163	-12.797720	-5.909535	0.001364	0.000557	0.000850	0.0	0.0	0.0	0.0	0.0	0.0	0.0
Ar	-8.926377	10.073121	1.257500	0.000571	0.001674	0.001170	0.0	0.0	0.0	0.0	0.0	0.0	0.0
Ar	-5.905805	16.105669	0.130293	-0.001475	0.000730	-0.001473	0.0	0.0	0.0	0.0	0.0	0.0	0.0
Ar	0.860524	-10.428099	-3.543806	0.000734	0.000694	-0.001825	0.0	0.0	0.0	0.0	0.0	0.0	0.0
Ar	6.785265	3.871723	-6.372994	0.001900	0.001070	-0.000666	0.0	0.0	0.0	0.0	0.0	0.0	0.0
Ar	-16.373628	3.468644	-6.517582	0.000588	-0.002415	-0.000261	0.0	0.0	0.0	0.0	0.0	0.0	0.0
Ar	-12.494280	-19.640848	10.604721	0.001125	0.000084	0.001543	0.0	0.0	0.0	0.0	0.0	0.0	0.0
Ar	-3.251637	-17.950126	2.194858	-0.001233	-0.000228	0.002415	0.0	0.0	0.0	0.0	0.0	0.0	0.0
Ar	-4.712180	-3.061057	-13.477918	0.002489	0.000529	-0.000760	0.0	0.0	0.0	0.0	0.0	0.0	0.0
Ar	-20.132187	-4.567314	15.830195	-0.001731	0.000656	0.000966	0.0	0.0	0.0	0.0	0.0	0.0	0.0
Ar	9.584176	1.962015	7.646250	0.000787	-0.004064	0.000189	0.0	0.0	0.0	0.0	0.0	0.0	0.0
Ar	9.197651	7.883182	-17.619469	-0.000112	0.001127	0.001560	0.0	0.0	0.0	0.0	0.0	0.0	0.0
Ar	-5.509093	-8.018342	-10.627768	0.000376	0.002455	0.000170	0.0	0.0	0.0	0.0	0.0	0.0	0.0
Ar	8.702817	23.095247	-11.918338	-0.001315	0.000069	0.000049	0.0	0.0	0.0	0.0	0.0	0.0	0.0
Ar	-0.174197	-3.102550	-17.922830	-0.000581	-0.003327	0.000502	0.0	0.0	0.0	0.0	0.0	0.0	0.0
Ar	-16.309987	5.609641	7.330271	0.000451	-0.000059	0.003310	0.0	0.0	0.0	0.0	0.0	0.0	0.0
Ar	14.159952	-8.857999	-9.667189	0.000343	-0.000163	0.000788	0.0	0.0	0.0	0.0	0.0	0.0	0.0
Ar	6.919160	-8.875028	2.987682	0.000480	-0.002320	0.000044	0.0	0.0	0.0	0.0	0.0	0.0	0.0
Ar	9.049510	3.231631	12.601247	0.000302	0.000944	-0.001249	0.0	0.0	0.0	0.0	0.0	0.0	0.0
Ar	12.227179	-1.910758	-20.991853	0.000132	-0.001028	-0.000728	0.0	0.0	0.0	0.0	0.0	0.0	0.0
Ar	9.508845	12.519898	1.145214	0.000053	0.000991	-0.000210	0.0	0.0	0.0	0.0	0.0	0.0	0.0
Ar	-3.414092	1.548060	8.985863	-0.002092	-0.001857	0.001353	0.0	0.0	0.0	0.0	0.0	0.0	0.0
Ar	-19.463489	14.241993	-10.835420	-0.000084	-0.003482	0.002968	0.0	0.0	0.0	0.0	0.0	0.0	0.0
Ar	-15.874715	12.663972	16.258283	-0.000517	-0.000253	0.000718	0.0	0.0	0.0	0.0	0.0	0.0	0.0
Ar	-8.127846	5.024170	2.451102	0.001558	0.001103	-0.000006	0.0	0.0	0.0	0.0	0.0	0.0	0.0
Ar	-7.785232	13.171244	-4.412567	-0.001162	-0.000721	0.001034	0.0	0.0	0.0	0.0	0.0	0.0	0.0
Ar	2.305686	21.806977	14.848103	0.000865	-0.001551	-0.001583	0.0	0.0	0.0	0.0	0.0	0.0	0.0
Ar	-12.830781	6.401669	9.102591	-0.000542	-0.000056	-0.000131	0.0	0.0	0.0	0.0	0.0	0.0	0.0
Ar	0.145747	-15.421307	8.094999	0.000200	-0.000236	-0.001156	0.0	0.0	0.0	0.0	0.0	0.0	0.0
Ar	17.497489	0.224628	2.909647	-0.000677	-0.000594	0.001719	0.0	0.0	0.0	0.0	0.0	0.0	0.0
Ar	8.460571	20.443817	11.724290	0.000634	-0.001364	-0.001809	0.0	0.0	0.0	0.0	0.0	0.0	0.0
Ar	-6.234205	-9.421921	19.926015	0.000077	-0.000731	-0.002876	0.0	0.0	0.0	0.0	0.0	0.0	0.0
Ar	-18.716416	6.753767	-11.242551	-0.002007	0.000022	0.000158	0.0	0.0	0.0	0.0	0.0	0.0	0.0
Ar	20.267323	-0.438826	-16.076034	-0.000671	-0.002251	-0.000695	0.0	0.0	0.0	0.0	0.0	0.0	0.0
Ar	4.954597	17.584652	-10.349085	0.000030	0.002467	-0.000949	0.0	0.0	0.0	0.0	0.0	0.0	0.0
Ar	9.024639	14.239055	4.315937	0.001845	0.000188	0.001160	0.0	0.0	0.0	0.0	0.0	0.0	0.0
Ar	12.238551	-11.143976	-7.074857	0.001407	0.001668	-0.000332	0.0	0.0	0.0	0.0	0.0	0.0	0.0
Ar	8.338026	-6.178746	-3.378090	0.000918	0.001445	0.000381	0.0	0.0	0.0	0.0	0.0	0.0	0.0
Ar	-5.661613	7.640797	-7.204983	0.000228	0.002786	-0.000864	0.0	0.0	0.0	0.0	0.0	0.0	0.0
Ar	11.278105	-16.243797	10.764579	-0.001391	0.001402	0.003573	0.0	0.0	0.0	0.0	0.0	0.0	0.0
Ar	-7.645919	-9.074319	10.305902	-0.000823	0.001081	-0.000860	0.0	0.0	0.0	0.0	0.0	0.0	0.0
Ar	-2.699998	-14.818677	-13.336754	-0.000784	-0.000044	0.003799	0.0	0.0	0.0	0.0	0.0	0.0	0.0
Ar	24.000288	-4.694027	0.091308	-0.000553	-0.000919	0.001778	0.0	0.0	0.0	0.0	0.0	0.0	0.0
Ar	13.866844	3.296004	-17.300117	-0.001104	-0.000197	0.001179	0.0	0.0	0.0	0.0	0.0	0.0	0.0
Ar	-22.772307	13.210713	13.751834	-0.000500	0.001085	0.000732	0.0	0.0	0.0	0.0	0.0	0.0	0.0
Ar	-3.167596	4.713338	-14.259657	-0.000100	0.001858	0.002411	0.0	0.0	0.0	0.0	0.0	0.0	0.0
Ar	3.461921	-5.892330	7.932366	0.001492	0.000643	0.000726	0.0	0.0	0.0	0.0	0.0	0.0	0.0
Ar	-1.502358	-4.870367	-11.771856	-0.001341	-0.000863	0.001801	0.0	0.0	0.0	0.0	0.0	0.0	0.0
Ar	-11.343287	14.306236	-3.327973	-0.000921	0.001657	-0.002433	0.0	0.0	0.0	0.0	0.0	0.0	0.0
Ar	4.080544	9.541725	11.586041	0.000536	0.001013	0.001079	0.0	0.0	0.0	0.0	0.0	0.0	0.0
Ar	-2.849484	-4.468407	4.645934	-0.000339	0.000572	0.000311	0.0	0.0	0.0	0.0	0.0	0.0	0.0
Ar	0.851284	19.409391	-11.906374	0.000093	-0.000141	0.002773	0.0	0.0	0.0	0.0	0.0	0.0	0.0
Ar	-4.818456	9.195526	2.296994	-0.001943	0.000414	0.000131	0.0	0.0	0.0	0.0	0.0	0.0	0.0
Ar	-20.319767	-16.382203	7.770858	0.000690	0.000490	0.001352	0.0	0.0	0.0	0.0	0.0	0.0	0.0
Ar	14.064443	-20.462130	-17.408905	0.000692	-0.001903	0.000904	0.0	0.0	0.0	0.0	0.0	0.0	0.0
Ar	4.561768	-15.427813	3.340040	0.000588	-0.000564	-0.003489	0.0	0.0	0.0	0.0	0.0	0.0	0.0
Ar	6.075278	-6.701100	-0.468857	-0.001598	-0.000284	0.001187	0.0	0.0	0.0	0.0	0.0	0.0	0.0
Ar	7.933654	-1.348055	5.293057	0.001311	-0.001824	0.001771	0.0	0.0	0.0	0.0	0.0	0.0	0.0
Ar	3.445282	3.547058	-7.318590	0.000695	0.001238	-0.000387	0.0	0.0	0.0	0.0	0.0	0.0	0.0
Ar	-12.750314	8.674167	-0.559833	0.000128	-0.003201	-0.000404	0.0	0.0	0.0	0.0	0.0	0.0	0.0
Ar	-1.378847	5.553349	3.348910	-0.002557	0.001304	-0.000410	0.0	0.0	0.0	0.0	0.0	0.0	0.0
Ar	15.859502	-2.315050	11.995166	-0.001088	0.000826	0.000268	0.0	0.0	0.0	0.0	0.0	0.0	0.0
Ar	-5.239429	2.255519	-9.426831	0.002081	-0.000813	-0.000140	0.0	0.0	0.0	0.0	0.0	0.0	0.0
Ar	-4.771933	-12.809297	3.513148	0.001495	0.000324	0.001218	0.0	0.0	0.0	0.0	0.0	0.0	0.0
Ar	4.829250	10.605177	-10.260802	-0.001900	0.001182	0.000696	0.0	0.0	0.0	0.0	0.0	0.0	0.0
Ar	-13.119061	0.886959	3.886350	0.001407	0.001023	-0.002348	0.0	0.0	0.0	0.0	0.0	0.0	0.0
Ar	-3.752550	-11.642671	14.379973	0.000177	-0.003551	-0.000089	0.0	0.0	0.0	0.0	0.0	0.0	0.0
Ar	-3.840302	-14.378896	-21.911329	0.000385	0.001032	0.001546	0.0	0.0	0.0	0.0	0.0	0.0	0.0
Ar	-0.951376	9.279956	-3.295689	-0.001602	-0.001963	-0.000999	0.0	0.0	0.0	0.0	0.0	0.0	0.0
Ar	2.558442	7.209491	14.122788	-0.000839	-0.000789	-0.003287	0.0	0.0	0.0	0.0	0.0	0.0	0.0
Ar	9.532598	0.162100	11.492282	0.001070	0.001693	0.001109	0.0	0.0	0.0	0.0	0.0	0.0	0.0
Ar	-9.058643	17.710110	-9.431546	0.002949	-0.001054	0.000145	0.0	0.0	0.0	0.0	0.0	0.0	0.0
Ar	11.412835	-20.758984	-26.852480	-0.000429	-0.001501	0.001971	0.0	0.0	0.0	0.0	0.0	0.0	0.0
Ar	12.961308	-9.919760	14.057698	-0.002253	0.002013	-0.000013	0.0	0.0	0.0	0.0	0.0	0.0	0.0
Ar	6.755395	17.305769	15.613197	0.001530	-0.000367	-0.000523	0.0	0.0	0.0	0.0	0.0	0.0	0.0
Ar	-10.070750	16.111882	-20.441113	-0.000408	0.001074	-0.000188	0.0	0.0	0.0	0.0	0.0	0.0	0.0
Ar	15.927526	21.233281	-11.910778	-0.002326	0.000664	-0.000350	0.0	0.0	0.0	0.0	0.0	0.0	0.0
Ar	9.203529	23.775474	14.184332	-0.000555	-0.000295	-0.000712	0.0	0.0	0.0	0.0	0.0	0.0	0.0
Ar	-4.145020	-8.396589	6.934784	0.002691	0.002164	-0.001130	0.0	0.0	0.0	0.0	0.0	0.0	0.0
Ar	5.132130	14.884107	17.398867	-0.000600	-0.000847	0.000454	0.0	0.0	0.0	0.0	0.0	0.0	0.0
Ar	-12.835142	2.369703	11.476517	-0.001439	0.000428	-0.000634	0.0	0.0	0.0	0.0	0.0	0.0	0.0
Ar	2.664348	-24.828069	-13.129749	-0.000098	0.000889	-0.000879	0.0	0.0	0.0	0.0	0.0	0.0	0.0
Ar	-5.564482	-15.592990	-11.380765	-0.000105	0.000953	0.001108	0.0	0.0	0.0	0.0	0.0	0.0	0.0
Ar	-14.055013	-11.119596	-6.005204	0.001995	-0.000704	0.002467	0.0	0.0	0.0	0.0	0.0	0.0	0.0
Ar	2.504168	-3.010888	-7.118980	-0.000233	-0.000260	-0.001608	0.0	0.0	0.0	0.0	0.0	0.0	0.0
Ar	-14.386918	1.892446	0.208803	0.000979	-0.000039	0.000911	0.0	0.0	0.0	0.0	0.0	0.0	0.0
Ar	12.073965	9.329772	13.132271	0.000660	-0.001501	-0.000501	0.0	0.0	0.0	0.0	0.0	0.0	0.0
Ar	-21.226885	10.695672	-9.672483	0.000536	0.001244	0.001738	0.0	0.0	0.0	0.0	0.0	0.0	0.0
Ar	5.551214	-14.637924	-7.255456	-0.000167	-0.001376	0.000352	0.0	0.0	0.0	0.0	0.0	0.0	0.0
Ar	-7.837109	4.343161	-7.942090	0.000432	0.000676	-0.000286	0.0	0.0	0.0	0.0	0.0	0.0	0.0
Ar	-8.853437	-7.569858	-7.778708	0.000814	0.002643	0.001146	0.0	0.0	0.0	0.0	0.0	0.0	0.0
Ar	-12.614283	13.585618	14.925716	0.000132	0.001282	0.001485	0.0	0.0	0.0	0.0	0.0	0.0	0.0
Ar	17.530507	8.574450	11.095075	-0.001829	-0.001723	0.000345	0.0	0.0	0.0	0.0	0.0	0.0	0.0
Ar	-2.296125	-8.198793	12.713630	0.000534	0.001363	-0.000704	0.0	0.0	0.0	0.0	0.0	0.0	0.0
Ar	8.684316	-7.097047	-13.638126	0.000350	-0.002078	0.000998	0.0	0.0	0.0	0.0	0.0	0.0	0.0
Ar	-6.327867	15.262461	3.761755	0.000983	-0.000523	0.000191	0.0	0.0	0.0	0.0	0.0	0.0	0.0
Ar	4.895118	1.277182	-4.591950	0.001126	-0.000946	0.002069	0.0	0.0	0.0	0.0	0.0	0.0	0.0
Ar	-7.450903	-12.372892	12.892488	-0.000763	0.001141	-0.000879	0.0	0.0	0.0	0.0	0.0	0.0	0.0
Ar	-0.298742	-5.805407	-15.421646	0.000869	-0.000326	-0.000645	0.0	0.0	0.0	0.0	0.0	0.0	0.0
Ar	-21.389078	12.983651	-13.799965	0.000192	-0.000022	-0.000177	0.0	0.0	0.0	0.0	0.0	0.0	0.0
Ar	-19.986594	10.584405	9.913454	-0.001408	-0.001462	0.000797	0.0	0.0	0.0	0.0	0.0	0.0	0.0
Ar	-8.237247	-2.098579	6.906672	0.002007	-0.002898	0.000169	0.0	0.0	0.0	0.0	0.0	0.0	0.0
Ar	-0.021139	6.195854	7.140598	0.000048	-0.001388	-0.000496	0.0	0.0	0.0	0.0	0.0	0.0	0.0
Ar	7.398912	9.055938	9.725934	0.000274	-0.000128	0.001411	0.0	0.0	0.0	0.0	0.0	0.0	0.0
Ar	8.055440	9.447729	-7.642281	-0.000753	-0.000091	-0.002842	0.0	0.0	0.0	0.0	0.0	0.0	0.0
Ar	1.959783	-5.730619	-9.522940	-0.000638	-0.000072	0.000403	0.0	0.0	0.0	0.0	0.0	0.0	0.0
Ar	-5.780027	3.093353	14.077692	0.000981	-0.001233	0.000574	0.0	0.0	0.0	0.0	0.0	0.0	0.0
Ar	14.549426	-9.696182	-0.116437	-0.000583	-0.000436	0.000578	0.0	0.0	0.0	0.0	0.0	0.0	0.0
Ar	-7.491526	8.875919	4.546988	0.000579	-0.001710	-0.000870	0.0	0.0	0.0	0.0	0.0	0.0	0.0
Ar	4.433029	5.086714	-4.163598	0.000826	-0.000750	-0.001132	0.0	0.0	0.0	0.0	0.0	0.0	0.0
Ar	1.458109	-12.330605	6.045194	-0.001175	-0.001105	-0.000063	0.0	0.0	0.0	0.0	0.0	0.0	0.0
Ar	-12.210435	6.660827	16.446524	-0.000451	0.002084	-0.002187	0.0	0.0	0.0	0.0	0.0	0.0	0.0
Ar	-3.690336	-10.928002	0.847214	-0.001255	-0.000017	-0.002479	0.0	0.0	0.0	0.0	0.0	0.0	0.0
Ar	-14.235832	5.526458	-1.696297	0.000034	0.001655	-0.000896	0.0	0.0	0.0	0.0	0.0	0.0	0.0
Ar	-0.731482	8.048445	12.836815	-0.000397	-0.000542	0.001742	0.0	0.0	0.0	0.0	0.0	0.0	0.0
Ar	19.196164	-18.386722	-2.492063	0.001705	0.001422	0.001056	0.0	0.0	0.0	0.0	0.0	0.0	0.0
Ar	-9.212372	13.925811	-0.432577	-0.001306	-0.000672	-0.000666	0.0	0.0	0.0	0.0	0.0	0.0	0.0
Ar	18.865393	-17.545108	-7.466885	0.000628	0.000587	0.000954	0.0	0.0	0.0	0.0	0.0	0.0	0.0
Ar	-12.454932	2.891112	-15.644292	0.000157	-0.001678	0.000517	0.0	0.0	0.0	0.0	0.0	0.0	0.0
Ar	-3.001784	-15.174327	5.305898	0.000143	-0.001022	-0.001290	0.0	0.0	0.0	0.0	0.0	0.0	0.0
Ar	11.446706	-16.915563	-9.437935	-0.001467	0.001512	0.001175	0.0	0.0	0.0	0.0	0.0	0.0	0.0
Ar	-9.672138	-11.683701	-14.338596	0.001339	-0.000157	0.000073	0.0	0.0	0.0	0.0	0.0	0.0	0.0
Ar	-17.829663	-19.529798	19.245202	0.002567	-0.000473	-0.000832	0.0	0.0	0.0	0.0	0.0	0.0	0.0
Ar	2.618741	-4.473319	20.767358	-0.001464	-0.000091	-0.001049	0.0	0.0	0.0	0.0	0.0	0.0	0.0
Ar	3.449978	-7.333295	-6.447411	0.000041	-0.000822	-0.000503	0.0	0.0	0.0	0.0	0.0	0.0	0.0
Ar	2.649658	-7.378453	-2.163313	-0.001198	0.000140	-0.002341	0.0	0.0	0.0	0.0	0.0	0.0	0.0
Ar	14.636942	10.716963	2.768714	0.000564	0.000879	-0.001379	0.0	0.0	0.0	0.0	0.0	0.0	0.0
Ar	-8.793392	-19.758877	24.739801	-0.001385	-0.002749	-0.000099	0.0	0.0	0.0	0.0	0.0	0.0	0.0
Ar	-2.544661	3.171969	15.840644	0.000298	-0.000313	-0.000824	0.0	0.0	0.0	0.0	0.0	0.0	0.0
Ar	5.049960	8.068273	-6.244569	-0.002831	-0.001265	-0.000362	0.0	0.0	0.0	0.0	0.0	0.0	0.0
Ar	8.431863	-6.111483	-9.734316	0.000940	0.001223	-0.000611	0.0	0.0	0.0	0.0	0.0	0.0	0.0
Ar	-14.542607	-2.598868	-6.905231	-0.000878	-0.000463	-0.000037	0.0	0.0	0.0	0.0	0.0	0.0	0.0
Ar	15.348661	5.249195	-2.332674	-0.002255	-0.001511	0.001380	0.0	0.0	0.0	0.0	0.0	0.0	0.0
Ar	-8.385481	-13.265692	-2.645611	-0.001248	0.000568	-0.001439	0.0	0.0	0.0	0.0	0.0	0.0	0.0
Ar	-7.363204	-10.739484	-8.567944	-0.001899	-0.000763	0.000305	0.0	0.0	0.0	0.0	0.0	0.0	0.0
Ar	-3.896616	8.673892	6.846194	-0.000483	0.001668	0.000398	0.0	0.0	0.0	0.0	0.0	0.0	0.0
Ar	-20.744633	0.451324	10.276520	-0.001917	0.000007	0.001533	0.0	0.0	0.0	0.0	0.0	0.0	0.0
Ar	-8.086183	-12.080240	1.220962	0.001911	-0.000348	-0.000259	0.0	0.0	0.0	0.0	0.0	0.0	0.0
Ar	17.110473	-2.747331	-9.561715	-0.000811	0.000946	0.000310	0.0	0.0	0.0	0.0	0.0	0.0	0.0
Ar	-7.032500	0.774017	8.480800	0.001830	-0.000151	-0.000474	0.0	0.0	0.0	0.0	0.0	0.0	0.0
Ar	-12.511205	14.232918	3.994147	0.000519	0.001450	0.000268	0.0	0.0	0.0	0.0	0.0	0.0	0.0
Ar	-4.950478	2.360609	-5.575651	0.001570	-0.000122	-0.000301	0.0	0.0	0.0	0.0	0.0	0.0	0.0
Ar	15.161006	-8.335517	16.235026	-0.000561	0.000364	0.000478	0.0	0.0	0.0	0.0	0.0	0.0	0.0
Ar	15.733188	3.649198	0.672627	-0.000695	-0.001816	-0.000503	0.0	0.0	0.0	0.0	0.0	0.0	0.0
Ar	-5.757978	-5.756761	2.800984	0.001781	-0.001517	0.000377	0.0	0.0	0.0	0.0	0.0	0.0	0.0
Ar	11.657644	9.291159	34.164959	0.000462	0.000272	-0.001549	0.0	0.0	0.0	0.0	0.0	0.0	0.0
Ar	0.538208	-6.841240	15.305288	0.000665	0.000765	0.002078	0.0	0.0	0.0	0.0	0.0	0.0	0.0
Ar	-2.878810	8.390909	-14.895938	0.000047	0.000342	-0.000683	0.0	0.0	0.0	0.0	0.0	0.0	0.0
Ar	12.167468	-2.568643	-6.706577	-0.002208	-0.000150	0.000456	0.0	0.0	0.0	0.0	0.0	0.0	0.0
Ar	-9.533850	9.674955	-15.420008	-0.000435	0.002549	-0.000780	0.0	0.0	0.0	0.0	0.0	0.0	0.0
Ar	-11.535744	-9.821546	17.205224	-0.001150	0.001295	-0.001127	0.0	0.0	0.0	0.0	0.0	0.0	0.0
Ar	-1.708021	1.516191	-7.184825	-0.001751	-0.000175	0.000311	0.0	0.0	0.0	0.0	0.0	0.0	0.0
Ar	-12.948248	8.351679	-14.627405	-0.000584	-0.000141	0.000554	0.0	0.0	0.0	0.0	0.0	0.0	0.0
Ar	-14.943281	-1.848665	0.804016	0.000093	0.001002	0.000709	0.0	0.0	0.0	0.0	0.0	0.0	0.0
Ar	12.679690	-1.109915	0.948142	-0.000826	-0.002116	-0.002069	0.0	0.0	0.0	0.0	0.0	0.0	0.0
Ar	1.367452	-18.390918	-3.051664	-0.001627	-0.000733	0.000206	0.0	0.0	0.0	0.0	0.0	0.0	0.0
Ar	4.927806	14.023682	-3.251833	-0.001366	0.002527	-0.000379	0.0	0.0	0.0	0.0	0.0	0.0	0.0
Ar	-23.773087	17.150954	14.312639	-0.000058	0.000766	0.000714	0.0	0.0	0.0	0.0	0.0	0.0	0.0
Ar	14.894833	-14.662894	0.446984	-0.001352	0.001319	-0.000334	0.0	0.0	0.0	0.0	0.0	0.0	0.0
Ar	-16.933987	1.784238	6.182780	0.000058	-0.000928	0.000530	0.0	0.0	0.0	0.0	0.0	0.0	0.0
Ar	-8.708386	-20.138375	18.528980	-0.001236	0.000383	0.001083	0.0	0.0	0.0	0.0	0.0	0.0	0.0
Ar	13.417343	-3.384458	9.437769	-0.000366	0.002268	-0.000717	0.0	0.0	0.0	0.0	0.0	0.0	0.0
Ar	10.490336	16.668186	7.089231	0.000731	0.000711	0.000359	0.0	0.0	0.0	0.0	0.0	0.0	0.0
Ar	-1.583825	12.136513	12.509457	-0.001175	-0.000743	0.000035	0.0	0.0	0.0	0.0	0.0	0.0	0.0
Ar	-15.569047	4.644683	-16.579035	0.000815	-0.001018	0.000567	0.0	0.0	0.0	0.0	0.0	0.0	0.0
Ar	9.749224	3.103717	-11.170179	0.000383	-0.000451	-0.000417	0.0	0.0	0.0	0.0	0.0	0.0	0.0
Ar	10.079061	-19.272940	-17.079556	-0.001538	-0.000306	-0.001313	0.0	0.0	0.0	0.0	0.0	0.0	0.0
Ar	-6.883475	-3.362214	-17.389830	0.001348	-0.001568	-0.000225	0.0	0.0	0.0	0.0	0.0	0.0	0.0
Ar	-4.341768	9.563556	13.894671	0.000769	-0.000236	-0.000429	0.0	0.0	0.0	0.0	0.0	0.0	0.0
Ar	-9.009035	1.915734	-14.501381	0.001283	-0.000837	-0.001891	0.0	0.0	0.0	0.0	0.0	0.0	0.0
Ar	-13.705427	21.309893	8.991103	-0.002904	0.002233	-0.000454	0.0	0.0	0.0	0.0	0.0	0.0	0.0
Ar	9.534454	-4.605191	6.628642	0.000152	0.000442	-0.001818	0.0	0.0	0.0	0.0	0.0	0.0	0.0
Ar	-9.847144	-9.327626	13.444819	0.001986	-0.001426	0.000303	0.0	0.0	0.0	0.0	0.0	0.0	0.0
Ar	-5.067112	6.053352	4.758370	0.001026	-0.000779	-0.000950	0.0	0.0	0.0	0.0	0.0	0.0	0.0
Ar	-0.912182	-10.516537	19.037391	0.001959	0.000552	-0.003296	0.0	0.0	0.0	0.0	0.0	0.0	0.0
Ar	-9.176705	12.307021	4.300500	0.000414	0.001036	0.000801	0.0	0.0	0.0	0.0	0.0	0.0	0.0
Ar	-4.102891	-6.700734	-14.149736	0.000494	0.001115	0.001798	0.0	0.0	0.0	0.0	0.0	0.0	0.0
Ar	-11.421711	-0.432336	-20.668685	0.001212	0.000939	-0.001580	0.0	0.0	0.0	0.0	0.0	0.0	0.0
Ar	20.712348	-1.043681	7.843041	-0.000825	0.000076	0.000486	0.0	0.0	0.0	0.0	0.0	0.0	0.0
Ar	-0.901213	-2.047942	-4.586372	0.002722	0.001519	0.002204	0.0	0.0	0.0	0.0	0.0	0.0	0.0
Ar	11.777000	3.806440	9.859367	-0.000539	-0.000723	0.001164	0.0	0.0	0.0	0.0	0.0	0.0	0.0
Ar	9.047279	12.832066	-13.865345	0.000505	-0.000073	-0.001665	0.0	0.0	0.0	0.0	0.0	0.0	0.0
Ar	15.817854	-14.872477	4.014201	0.001734	-0.001366	-0.001008	0.0	0.0	0.0	0.0	0.0	0.0	0.0
Ar	-11.119921	-0.863748	-3.643423	-0.000047	-0.000692	-0.000453	0.0	0.0	0.0	0.0	0.0	0.0	0.0
Ar	-1.329496	14.763109	9.394414	0.001439	-0.001154	0.001351	0.0	0.0	0.0	0.0	0.0	0.0	0.0
Ar	5.046490	-21.836132	-19.745359	0.001569	-0.000435	-0.000064	0.0	0.0	0.0	0.0	0.0	0.0	0.0
Ar	-13.325260	4.963601	-5.175516	0.000793	0.000592	0.000609	0.0	0.0	0.0	0.0	0.0	0.0	0.0
Ar	3.832166	-13.778808	-4.119269	-0.000786	0.001234	-0.001206	0.0	0.0	0.0	0.0	0.0	0.0	0.0
Ar	15.990590	-2.927663	2.468022	-0.000301	-0.000086	-0.001433	0.0	0.0	0.0	0.0	0.0	0.0	0.0
Ar	3.849699	-3.595503	11.093934	-0.000049	0.000770	0.000717	0.0	0.0	0.0	0.0	0.0	0.0	0.0
Ar	-23.934671	-3.971270	21.279627	-0.000929	0.001292	-0.002259	0.0	0.0	0.0	0.0	0.0	0.0	0.0
Ar	-10.511559	9.553684	-9.993224	0.003709	0.000726	-0.001665	0.0	0.0	0.0	0.0	0.0	0.0	0.0
Ar	7.486493	9.586989	3.016368	0.000400	-0.000256	-0.000260	0.0	0.0	0.0	0.0	0.0	0.0	0.0
Ar	3.306886	-7.603779	4.753859	0.000367	-0.000317	-0.000682	0.0	0.0	0.0	0.0	0.0	0.0	0.0
Ar	11.268256	15.794384	1.587166	-0.000857	-0.002293	0.000531	0.0	0.0	0.0	0.0	0.0	0.0	0.0
Ar	5.897163	2.779453	-11.604409	0.000166	-0.000833	0.000773	0.0	0.0	0.0	0.0	0.0	0.0	0.0
Ar	-11.118490	4.673000	4.689321	0.000257	-0.002021	-0.000385	0.0	0.0	0.0	0.0	0.0	0.0	0.0
Ar	10.877892	-1.420688	7.983580	0.000031	0.000213	0.000992	0.0	0.0	0.0	0.0	0.0	0.0	0.0
Ar	20.928040	-21.142127	-9.673501	0.001789	-0.000176	-0.000326	0.0	0.0	0.0	0.0	0.0	0.0	0.0
Ar	4.569796	-0.988736	-12.443940	-0.001082	-0.002961	0.000396	0.0	0.0	0.0	0.0	0.0	0.0	0.0
Ar	12.902816	-19.545581	10.551289	0.000690	-0.001764	0.001334	0.0	0.0	0.0	0.0	0.0	0.0	0.0
Ar	4.211534	23.190116	-0.905470	-0.000583	0.000966	0.001230	0.0	0.0	0.0	0.0	0.0	0.0	0.0
Ar	13.153058	-11.866191	3.467731	-0.001453	0.001289	-0.001556	0.0	0.0	0.0	0.0	0.0	0.0	0.0
Ar	-0.941067	-12.521743	12.542923	-0.000491	0.001521	0.000361	0.0	0.0	0.0	0.0	0.0	0.0	0.0
Ar	5.374844	19.737746	12.949696	-0.001484	0.001215	-0.000683	0.0	0.0	0.0	0.0	0.0	0.0	0.0
Ar	9.985963	-0.101563	-1.935869	-0.000061	-0.002237	0.000718	0.0	0.0	0.0	0.0	0.0	0.0	0.0
Ar	0.214038	-8.787070	-6.489452	0.000363	-0.001422	-0.001086	0.0	0.0	0.0	0.0	0.0	0.0	0.0
Ar	20.020109	-9.455847	0.625389	0.000855	0.001504	0.001558	0.0	0.0	0.0	0.0	0.0	0.0	0.0
Ar	-10.740968	11.586313	12.424492	-0.000021	0.000612	0.001153	0.0	0.0	0.0	0.0	0.0	0.0	0.0
Ar	-6.104003	1.840467	1.418377	-0.000089	0.000426	0.000867	0.0	0.0	0.0	0.0	0.0	0.0	0.0
Ar	-22.440821	-0.412323	21.290928	0.001201	-0.000006	-0.000582	0.0	0.0	0.0	0.0	0.0	0.0	0.0
Ar	6.167726	-16.605503	-2.811830	0.000261	-0.000201	0.001047	0.0	0.0	0.0	0.0	0.0	0.0	0.0
Ar	-20.571329	18.981302	-3.233081	-0.001044	-0.000245	0.000984	0.0	0.0	0.0	0.0	0.0	0.0	0.0
Ar	-7.924364	-0.555042	-6.754358	-0.001589	0.001822	-0.002089	0.0	0.0	0.0	0.0	0.0	0.0	0.0
Ar	-26.067283	-1.235826	-14.943713	0.000083	-0.000376	0.001757	0.0	0.0	0.0	0.0	0.0	0.0	0.0
Ar	8.396216	-13.807933	15.265602	0.000162	0.001402	0.000531	0.0	0.0	0.0	0.0	0.0	0.0	0.0
Ar	2.479759	1.842756	-1.853802	-0.000564	-0.001296	-0.000178	0.0	0.0	0.0	0.0	0.0	0.0	0.0
Ar	8.974543	-0.388052	-18.915901	0.000678	0.000883	0.001678	0.0	0.0	0.0	0.0	0.0	0.0	0.0
Ar	7.611610	-19.698826	13.415092	0.000483	-0.000691	-0.001548	0.0	0.0	0.0	0.0	0.0	0.0	0.0
Ar	10.807296	21.648945	-4.197266	0.000080	0.000224	0.000757	0.0	0.0	0.0	0.0	0.0	0.0	0.0
Ar	4.800894	4.360353	-15.050648	-0.001598	-0.000551	-0.001407	0.0	0.0	0.0	0.0	0.0	0.0	0.0
Ar	7.559073	-16.176476	5.100184	0.001402	0.001474	0.000789	0.0	0.0	0.0	0.0	0.0	0.0	0.0
Ar	4.245592	-0.673638	-0.323840	0.000364	0.001156	0.001769	0.0	0.0	0.0	0.0	0.0	0.0	0.0
Ar	-9.609035	-13.919830	15.966216	-0.000700	-0.001388	-0.000601	0.0	0.0	0.0	0.0	0.0	0.0	0.0
Ar	16.099663	-11.526154	-6.809506	-0.000092	0.000087	-0.000390	0.0	0.0	0.0	0.0	0.0	0.0	0.0
Ar	5.582009	11.662946	-13.556142	-0.000913	-0.002308	0.001024	0.0	0.0	0.0	0.0	0.0	0.0	0.0
Ar	-7.558397	7.292437	-0.758985	0.002179	0.000894	-0.001398	0.0	0.0	0.0	0.0	0.0	0.0	0.0
Ar	-10.188375	-1.085630	17.075143	-0.000333	0.000648	0.000598	0.0	0.0	0.0	0.0	0.0	0.0	0.0
Ar	-10.590078	7.221026	-7.200858	-0.000343	-0.002462	-0.002174	0.0	0.0	0.0	0.0	0.0	0.0	0.0
Ar	7.633787	5.678977	-9.059254	-0.000480	0.002733	0.000300	0.0	0.0	0.0	0.0	0.0	0.0	0.0
Ar	-0.334931	-8.457297	-0.246065	-0.001808	-0.000729	0.000911	0.0	0.0	0.0	0.0	0.0	0.0	0.0
Ar	9.998679	-3.299631	2.367067	0.001060	0.001719	-0.000029	0.0	0.0	0.0	0.0	0.0	0.0	0.0
Ar	-17.528297	-5.368628	9.540237	-0.001729	0.000751	0.001524	0.0	0.0	0.0	0.0	0.0	0.0	0.0
Ar	14.556976	22.457760	-3.410649	0.001142	-0.000679	-0.001934	0.0	0.0	0.0	0.0	0.0	0.0	0.0
Ar	-5.859563	-8.918987	-20.758918	0.001647	0.000112	0.002436	0.0	0.0	0.0	0.0	0.0	0.0	0.0
Ar	12.129646	-14.795725	-6.694127	-0.000199	-0.001948	0.000471	0.0	0.0	0.0	0.0	0.0	0.0	0.0
Ar	-9.565739	22.511571	4.279020	0.000058	0.001804	0.001119	0.0	0.0	0.0	0.0	0.0	0.0	0.0
Ar	-8.855389	-10.560479	-4.980564	-0.001200	0.001516	0.000702	0.0	0.0	0.0	0.0	0.0	0.0	0.0
Ar	0.909305	21.633508	-0.521714	-0.000537	-0.000824	-0.001780	0.0	0.0	0.0	0.0	0.0	0.0	0.0
Ar	19.233301	-4.884054	-4.088221	-0.000122	-0.000321	0.001180	0.0	0.0	0.0	0.0	0.0	0.0	0.0
Ar	0.662659	-4.474330	5.442240	0.001496	-0.000054	-0.000426	0.0	0.0	0.0	0.0	0.0	0.0	0.0
Ar	-16.544365	9.312287	7.042436	-0.000317	0.001286	0.000144	0.0	0.0	0.0	0.0	0.0	0.0	0.0
Ar	-13.149934	-7.197480	14.502117	0.000030	0.000109	-0.000835	0.0	0.0	0.0	0.0	0.0	0.0	0.0
Ar	-0.710496	-26.835391	-17.659088	0.000149	0.000099	-0.000698	0.0	0.0	0.0	0.0	0.0	0.0	0.0
Ar	12.483797	7.857910	3.502920	0.000450	-0.000144	-0.000364	0.0	0.0	0.0	0.0	0.0	0.0	0.0
Ar	-16.558881	-11.777144	0.622515	0.001426	-0.000695	0.001038	0.0	0.0	0.0	0.0	0.0	0.0	0.0
Ar	-3.910850	-10.692237	10.578718	-0.000315	0.000474	0.000294	0.0	0.0	0.0	0.0	0.0	0.0	0.0
Ar	13.827159	8.511983	-2.783076	0.000713	-0.001366	-0.000029	0.0	0.0	0.0	0.0	0.0	0.0	0.0
Ar	1.444442	11.272843	14.547961	0.000656	0.001254	0.002011	0.0	0.0	0.0	0.0	0.0	0.0	0.0
Ar	8.385286	5.122888	9.380072	-0.001226	0.000094	0.001066	0.0	0.0	0.0	0.0	0.0	0.0	0.0
Ar	14.737455	-8.527533	3.298826	-0.001464	0.000652	-0.000594	0.0	0.0	0.0	0.0	0.0	0.0	0.0
Ar	-1.607691	-15.022366	-18.596828	-0.000847	-0.001070	0.001250	0.0	0.0	0.0	0.0	0.0	0.0	0.0
Ar	21.169192	-14.655600	-6.375762	-0.001642	-0.000207	0.001114	0.0	0.0	0.0	0.0	0.0	0.0	0.0
Ar	-8.540442	0.089308	-0.893109	0.000182	0.000158	0.000820	0.0	0.0	0.0	0.0	0.0	0.0	0.0
Ar	0.482798	0.271749	9.285021	-0.000850	0.000482	-0.000481	0.0	0.0	0.0	0.0	0.0	0.0	0.0
Ar	-6.026741	3.358412	-16.061507	-0.001194	-0.001927	0.000685	0.0	0.0	0.0	0.0	0.0	0.0	0.0
Ar	-5.506352	-17.878584	9.757403	0.000771	-0.000784	0.001383	0.0	0.0	0.0	0.0	0.0	0.0	0.0
Ar	8.269118	10.393365	13.304807	0.000355	0.000712	-0.000638	0.0	0.0	0.0	0.0	0.0	0.0	0.0
Ar	-15.347478	-6.862944	-9.579891	-0.000539	-0.001385	-0.001075	0.0	0.0	0.0	0.0	0.0	0.0	0.0
Ar	-6.995385	6.773633	8.400617	-0.001785	0.001114	-0.000263	0.0	0.0	0.0	0.0	0.0	0.0	0.0
Ar	6.685058	-18.187278	-12.827081	0.000821	0.002597	-0.001499	0.0	0.0	0.0	0.0	0.0	0.0	0.0
Ar	-2.442275	10.378390	-12.250319	-0.000166	-0.001325	-0.001340	0.0	0.0	0.0	0.0	0.0	0.0	0.0
Ar	8.167946	10.108866	-11.299879	0.000004	0.000909	-0.001247	0.0	0.0	0.0	0.0	0.0	0.0	0.0
Ar	-7.885855	-13.535745	9.466035	0.001907	-0.000464	0.001041	0.0	0.0	0.0	0.0	0.0	0.0	0.0
Ar	-5.750249	10.513635	19.991939	0.000318	0.000712	0.001549	0.0	0.0	0.0	0.0	0.0	0.0	0.0
Ar	-5.004906	0.496473	11.940774	0.000124	-0.000231	-0.000150	0.0	0.0	0.0	0.0	0.0	0.0	0.0
Ar	7.752142	8.834995	-0.278514	0.002673	-0.000847	-0.001912	0.0	0.0	0.0	0.0	0.0	0.0	0.0
Ar	-4.858733	-17.458724	19.205347	0.001813	-0.000028	0.000271	0.0	0.0	0.0	0.0	0.0	0.0	0.0
Ar	16.589669	-7.794164	-21.379773	0.000302	0.002095	0.000033	0.0	0.0	0.0	0.0	0.0	0.0	0.0
Ar	-16.299216	13.577306	1.621446	-0.000174	-0.000814	0.000929	0.0	0.0	0.0	0.0	0.0	0.0	0.0
Ar	-5.171143	-20.382233	-7.404563	0.001254	-0.000093	-0.000876	0.0	0.0	0.0	0.0	0.0	0.0	0.0
Ar	21.608139	15.924072	0.317811	-0.000031	0.000730	-0.001584	0.0	0.0	0.0	0.0	0.0	0.0	0.0
Ar	4.119664	-4.724711	2.814125	-0.000997	-0.000429	0.000323	0.0	0.0	0.0	0.0	0.0	0.0	0.0
Ar	5.239823	2.336262	2.370288	0.000547	0.001078	0.001564	0.0	0.0	0.0	0.0	0.0	0.0	0.0
Ar	2.485693	-6.838255	11.772665	0.001629	-0.000215	-0.000937	0.0	0.0	0.0	0.0	0.0	0.0	0.0
Ar	12.439926	-10.191682	-12.767119	0.000149	0.001307	0.000750	0.0	0.0	0.0	0.0	0.0	0.0	0.0
Ar	5.291627	5.332089	-21.836982	0.000199	-0.000578	0.000566	0.0	0.0	0.0	0.0	0.0	0.0	0.0
Ar	6.134886	-16.673319	10.699199	0.000556	0.002485	0.000792	0.0	0.0	0.0	0.0	0.0	0.0	0.0
Ar	0.618005	3.786693	-5.036316	0.001539	0.001482	0.000589	0.0	0.0	0.0	0.0	0.0	0.0	0.0
Ar	-8.931438	-9.145647	-11.382427	0.000615	-0.000639	-0.001163	0.0	0.0	0.0	0.0	0.0	0.0	0.0
Ar	0.607033	1.248366	15.766600	0.001376	-0.000520	0.000935	0.0	0.0	0.0	0.0	0.0	0.0	0.0
Ar	-22.133467	-0.704983	-16.490087	-0.001283	0.001948	-0.000193	0.0	0.0	0.0	0.0	0.0	0.0	0.0
Ar	-10.370616	3.770259	9.292541	-0.000873	-0.000519	-0.001285	0.0	0.0	0.0	0.0	0.0	0.0	0.0
Ar	13.092069	-6.454700	7.837547	-0.000212	0.001072	-0.001020	0.0	0.0	0.0	0.0	0.0	0.0	0.0
Ar	-11.789061	-13.559562	-9.368178	0.000796	0.001000	-0.000858	0.0	0.0	0.0	0.0	0.0	0.0	0.0
Ar	-9.918650	-1.650405	10.015714	0.000909	0.000704	-0.001869	0.0	0.0	0.0	0.0	0.0	0.0	0.0
Ar	6.527885	-1.255684	-2.691135	0.001743	-0.002021	-0.001053	0.0	0.0	0.0	0.0	0.0	0.0	0.0
Ar	5.844851	-11.284004	16.167484	0.001012	-0.001885	-0.001561	0.0	0.0	0.0	0.0	0.0	0.0	0.0
Ar	-4.756095	-11.428992	-5.804482	0.002009	-0.001850	-0.000774	0.0	0.0	0.0	0.0	0.0	0.0	0.0
Ar	4.856334	-4.838071	-3.484105	-0.000205	0.001242	-0.000083	0.0	0.0	0.0	0.0	0.0	0.0	0.0
Ar	15.738445	10.919670	-0.753326	-0.000568	-0.000962	-0.000281	0.0	0.0	0.0	0.0	0.0	0.0	0.0
Ar	-0.818928	-0.786496	6.006387	-0.000363	-0.001671	-0.000176	0.0	0.0	0.0	0.0	0.0	0.0	0.0
Ar	0.632272	0.953141	-9.799937	0.001209	0.000476	-0.000099	0.0	0.0	0.0	0.0	0.0	0.0	0.0
Ar	-14.248488	13.844612	-5.417190	-0.002148	0.000084	0.000164	0.0	0.0	0.0	0.0	0.0	0.0	0.0
Ar	-6.696533	6.786871	13.394142	0.001555	0.001280	0.001666	0.0	0.0	0.0	0.0	0.0	0.0	0.0
Ar	18.914671	17.922801	2.209692	0.001232	0.000491	0.000169	0.0	0.0	0.0	0.0	0.0	0.0	0.0
Ar	-10.822200	-15.513712	21.428485	-0.000273	-0.000605	0.000770	0.0	0.0	0.0	0.0	0.0	0.0	0.0
Ar	10.282756	3.922821	-7.354503	0.001778	0.000475	0.002250	0.0	0.0	0.0	0.0	0.0	0.0	0.0
Ar	10.247160	-7.273594	12.094375	-0.000672	0.001143	0.001374	0.0	0.0	0.0	0.0	0.0	0.0	0.0
Ar	-7.228230	-2.642011	12.556583	-0.002061	-0.000223	0.001209	0.0	0.0	0.0	0.0	0.0	0.0	0.0
Ar	-16.457145	-20.906816	-8.857259	0.001033	-0.001519	-0.001005	0.0	0.0	0.0	0.0	0.0	0.0	0.0
Ar	-17.041036	-5.794779	18.317824	0.001206	0.000729	0.001143	0.0	0.0	0.0	0.0	0.0	0.0	0.0
Ar	-14.606486	-8.202332	-14.033161	-0.001736	-0.000841	-0.000750	0.0	0.0	0.0	0.0	0.0	0.0	0.0
Ar	-21.670670	1.633133	-20.495941	-0.000394	-0.000184	-0.000723	0.0	0.0	0.0	0.0	0.0	0.0	0.0
Ar	2.606079	-9.296667	-9.798444	-0.000538	-0.000753	-0.000069	0.0	0.0	0.0	0.0	0.0	0.0	0.0
Ar	-17.863347	11.360783	-12.258611	0.001205	0.000493	-0.001131	0.0	0.0	0.0	0.0	0.0	0.0	0.0
Ar	6.900593	-3.335309	0.336731	0.000876	-0.000226	-0.002585	0.0	0.0	0.0	0.0	0.0	0.0	0.0
Ar	-14.813842	11.004077	12.949441	0.001600	0.001448	0.001780	0.0	0.0	0.0	0.0	0.0	0.0	0.0
Ar	-16.242524	-14.555034	-4.816657	0.000138	-0.000327	-0.000974	0.0	0.0	0.0	0.0	0.0	0.0	0.0
Ar	9.007748	23.349228	5.704529	-0.001751	-0.001086	-0.000672	0.0	0.0	0.0	0.0	0.0	0.0	0.0
Ar	-5.629738	-2.725689	9.634021	0.001292	-0.001440	0.001152	0.0	0.0	0.0	0.0	0.0	0.0	0.0
Ar	22.788641	-10.163991	-8.192729	-0.001214	0.000030	0.001716	0.0	0.0	0.0	0.0	0.0	0.0	0.0
Ar	-7.883315	-1.705236	-14.112723	-0.001053	0.001211	0.001513	0.0	0.0	0.0	0.0	0.0	0.0	0.0
Ar	-14.873086	-0.896296	13.910584	0.000425	0.001466	-0.000360	0.0	0.0	0.0	0.0	0.0	0.0	0.0
Ar	-1.805721	12.011761	6.711168	-0.001282	-0.001987	0.000266	0.0	0.0	0.0	0.0	0.0	0.0	0.0
Ar	3.101584	3.309508	8.594075	0.001145	0.000114	0.001220	0.0	0.0	0.0	0.0	0.0	0.0	0.0
Ar	10.481854	10.846915	4.201141	-0.001677	-0.001235	0.000039	0.0	0.0	0.0	0.0	0.0	0.0	0.0
Ar	-3.551486	-6.380724	-0.373351	0.000934	-0.000649	-0.001710	0.0	0.0	0.0	0.0	0.0	0.0	0.0
Ar	0.000881	11.015638	-14.949144	0.000078	-0.001502	-0.000021	0.0	0.0	0.0	0.0	0.0	0.0	0.0
Ar	-10.414094	-9.684491	-1.363303	0.000384	-0.000951	0.001644	0.0	0.0	0.0	0.0	0.0	0.0	0.0
Ar	-2.447844	-8.613846	-3.650498	-0.000907	-0.000392	-0.000366	0.0	0.0	0.0	0.0	0.0	0.0	0.0
Ar	11.241484	11.028138	-16.607114	0.001557	0.000758	0.000612	0.0	0.0	0.0	0.0	0.0	0.0	0.0
Ar	2.485793	-26.612808	-9.196553	0.000977	-0.000730	0.001036	0.0	0.0	0.0	0.0	0.0	0.0	0.0
Ar	-4.106286	8.146948	10.431982	0.000172	0.000590	0.001084	0.0	0.0	0.0	0.0	0.0	0.0	0.0
Ar	5.958657	-12.548349	-9.973828	0.002139	-0.000826	-0.000340	0.0	0.0	0.0	0.0	0.0	0.0	0.0
Ar	12.360252	-16.080081	4.229730	0.000161	-0.001620	0.000223	0.0	0.0	0.0	0.0	0.0	0.0	0.0
Ar	7.837778	14.543856	-1.104608	-0.001998	0.000136	0.003020	0.0	0.0	0.0	0.0	0.0	0.0	0.0
Ar	-5.499545	-7.296747	-6.842765	0.000437	0.001974	-0.000066	0.0	0.0	0.0	0.0	0.0	0.0	0.0
Ar	2.232030	11.400085	-3.533929	0.001509	0.002768	0.001435	0.0	0.0	0.0	0.0	0.0	0.0	0.0
Ar	-3.361625	-0.176453	-0.528930	-0.000701	-0.000251	0.000671	0.0	0.0	0.0	0.0	0.0	0.0	0.0
Ar	2.485526	7.097733	-15.733013	-0.001446	-0.000703	0.001679	0.0	0.0	0.0	0.0	0.0	0.0	0.0
Ar	9.124484	-2.723612	-8.971891	0.000624	-0.000347	0.001240	0.0	0.0	0.0	0.0	0.0	0.0	0.0
Ar	20.637833	10.553410	5.110391	-0.000381	-0.001155	-0.002018	0.0	0.0	0.0	0.0	0.0	0.0	0.0
Ar	-5.665484	-19.636702	13.269215	0.000865	0.000669	0.000126	0.0	0.0	0.0	0.0	0.0	0.0	0.0
Ar	10.015515	-3.701790	10.721501	0.001477	0.000279	-0.000425	0.0	0.0	0.0	0.0	0.0	0.0	0.0
Ar	0.507082	4.277004	-19.694470	-0.000262	0.000884	-0.002438	0.0	0.0	0.0	0.0	0.0	0.0	0.0
Ar	-12.366435	-20.872552	-15.808963	0.001965	0.000061	0.001719	0.0	0.0	0.0	0.0	0.0	0.0	0.0
Ar	-1.430718	5.524519	-1.725421	0.003094	0.000778	-0.000199	0.0	0.0	0.0	0.0	0.0	0.0	0.0
Ar	-0.247297	-19.756849	0.549070	0.000259	-0.001251	-0.001633	0.0	0.0	0.0	0.0	0.0	0.0	0.0
Ar	-4.725968	-6.206008	10.815365	-0.001125	0.000909	0.001198	0.0	0.0	0.0	0.0	0.0	0.0	0.0
Ar	18.596021	-17.947650	12.354018	0.001680	-0.000378	0.000160	0.0	0.0	0.0	0.0	0.0	0.0	0.0
Ar	-10.612243	2.410747	-18.626874	-0.001169	0.000819	-0.000925	0.0	0.0	0.0	0.0	0.0	0.0	0.0
Ar	-13.422060	1.070913	-5.791133	-0.000702	0.000770	0.001619	0.0	0.0	0.0	0.0	0.0	0.0	0.0
Ar	3.106875	4.541969	0.109500	0.001113	-0.000535	-0.001180	0.0	0.0	0.0	0.0	0.0	0.0	0.0
Ar	13.137980	-1.434267	-2.984077	0.000225	0.001039	-0.000529	0.0	0.0	0.0	0.0	0.0	0.0	0.0
Ar	-21.082363	9.309093	-12.743801	-0.000343	-0.000961	-0.001079	0.0	0.0	0.0	0.0	0.0	0.0	0.0
Ar	0.408898	20.331135	-15.716430	-0.001289	-0.001029	-0.000416	0.0	0.0	0.0	0.0	0.0	0.0	0.0
Ar	0.142251	-10.418424	3.066625	0.001854	0.001503	-0.000611	0.0	0.0	0.0	0.0	0.0	0.0	0.0
Ar	5.072328	8.444390	-2.624131	-0.000733	-0.000752	-0.001584	0.0	0.0	0.0	0.0	0.0	0.0	0.0
Ar	14.731419	0.343399	22.826865	0.001436	0.000246	0.001789	0.0	0.0	0.0	0.0	0.0	0.0	0.0
Ar	10.411247	9.048870	30.218657	-0.000080	-0.000695	-0.000569	0.0	0.0	0.0	0.0	0.0	0.0	0.0
Ar	-6.086971	-2.497671	0.105227	-0.002345	0.000706	0.000051	0.0	0.0	0.0	0.0	0.0	0.0	0.0
Ar	6.805793	14.910380	7.501136	-0.000016	-0.000849	-0.000754	0.0	0.0	0.0	0.0	0.0	0.0	0.0
Ar	-8.932967	-5.653041	4.139682	-0.000560	0.001076	-0.000908	0.0	0.0	0.0	0.0	0.0	0.0	0.0
Ar	7.828753	-0.181490	-11.048367	0.000951	-0.000184	0.000269	0.0	0.0	0.0	0.0	0.0	0.0	0.0
Ar	2.506144	-2.101206	-3.673352	0.000846	0.000448	-0.000746	0.0	0.0	0.0	0.0	0.0	0.0	0.0
Ar	5.504925	-9.337974	19.032286	0.001066	0.000809	0.002179	0.0	0.0	0.0	0.0	0.0	0.0	0.0
Ar	-16.019539	8.264438	-18.328897	-0.001223	-0.000234	-0.002119	0.0	0.0	0.0	0.0	0.0	0.0	0.0
Ar	3.219376	-13.097449	10.142865	-0.000803	0.000477	0.000467	0.0	0.0	0.0	0.0	0.0	0.0	0.0
Ar	-7.602457	-15.157093	19.436287	-0.000418	0.001613	-0.001655	0.0	0.0	0.0	0.0	0.0	0.0	0.0
Ar	2.964543	-3.827555	-0.684313	0.000388	-0.000910	0.000532	0.0	0.0	0.0	0.0	0.0	0.0	0.0
Ar	18.559791	-3.092227	-13.218349	-0.000218	0.000403	-0.001127	0.0	0.0	0.0	0.0	0.0	0.0	0.0
Ar	19.613951	13.484021	7.357634	-0.001146	-0.000844	-0.001850	0.0	0.0	0.0	0.0	0.0	0.0	0.0
Ar	16.209481	-3.226058	-1.483851	0.000518	0.000623	0.000302	0.0	0.0	0.0	0.0	0.0	0.0	0.0
Ar	-11.093827	-18.340426	-6.732471	-0.001681	0.001296	0.001409	0.0	0.0	0.0	0.0	0.0	0.0	0.0
Ar	7.264238	-5.295471	3.922184	-0.000453	-0.000062	-0.000182	0.0	0.0	0.0	0.0	0.0	0.0	0.0
Ar	11.042631	7.548847	-7.365052	-0.000294	-0.001914	-0.000321	0.0	0.0	0.0	0.0	0.0	0.0	0.0
Ar	10.186885	-10.022422	1.481074	0.000094	0.000320	0.000070	0.0	0.0	0.0	0.0	0.0	0.0	0.0
Ar	-2.478780	-4.587320	8.278808	-0.001535	0.001362	-0.000368	0.0	0.0	0.0	0.0	0.0	0.0	0.0
Ar	-0.521766	16.821647	-15.636082	0.001090	-0.001269	-0.001127	0.0	0.0	0.0	0.0	0.0	0.0	0.0
Ar	19.439943	-3.137816	10.854428	-0.001671	0.000946	-0.000961	0.0	0.0	0.0	0.0	0.0	0.0	0.0
Ar	-10.104127	-14.353991	6.797493	0.001197	-0.001640	-0.000208	0.0	0.0	0.0	0.0	0.0	0.0	0.0
Ar	10.946018	6.439742	-10.760319	-0.001174	-0.000264	-0.000908	0.0	0.0	0.0	0.0	0.0	0.0	0.0
Ar	-1.902337	-8.335756	22.052651	-0.001773	0.002073	-0.001506	0.0	0.0	0.0	0.0	0.0	0.0	0.0
Ar	-7.512254	-17.722053	-6.166765	-0.001941	-0.000719	-0.001703	0.0	0.0	0.0	0.0	0.0	0.0	0.0
Ar	-6.956848	-17.794999	-17.600077	-0.001441	0.001232	-0.000175	0.0	0.0	0.0	0.0	0.0	0.0	0.0
Ar	-4.490920	-0.321399	17.708945	0.000326	-0.000422	0.001264	0.0	0.0	0.0	0.0	0.0	0.0	0.0
Ar	9.064323	3.251851	-3.804468	0.000224	0.000397	0.000091	0.0	0.0	0.0	0.0	0.0	0.0	0.0
Ar	-19.858256	19.067638	-18.015271	0.000392	-0.002268	0.000020	0.0	0.0	0.0	0.0	0.0	0.0	0.0
Ar	1.926891	1.464000	1.650680	0.000239	-0.000631	0.000865	0.0	0.0	0.0	0.0	0.0	0.0	0.0
Ar	-4.987817	3.143923	-1.974603	0.002174	-0.000862	-0.000913	0.0	0.0	0.0	0.0	0.0	0.0	0.0
Ar	-11.613657	5.254923	1.140734	0.000690	-0.001292	0.000016	0.0	0.0	0.0	0.0	0.0	0.0	0.0
Ar	12.667277	26.258516	18.468663	-0.000811	0.000051	0.001981	0.0	0.0	0.0	0.0	0.0	0.0	0.0
Ar	5.423836	7.015396	-11.471252	0.000067	0.000504	0.000439	0.0	0.0	0.0	0.0	0.0	0.0	0.0
Ar	-12.828813	-12.420827	14.680667	0.001628	-0.001788	-0.000263	0.0	0.0	0.0	0.0	0.0	0.0	0.0
Ar	-16.583323	-8.038790	-6.206505	-0.000276	0.000677	-0.000337	0.0	0.0	0.0	0.0	0.0	0.0	0.0
Ar	4.033855	-0.943243	14.614629	-0.000204	-0.001515	0.002019	0.0	0.0	0.0	0.0	0.0	0.0	0.0
Ar	-2.215241	10.557378	-17.786885	0.000275	-0.000755	0.000138	0.0	0.0	0.0	0.0	0.0	0.0	0.0
Ar	-13.336229	-23.825842	9.465599	-0.001327	0.000979	0.000088	0.0	0.0	0.0	0.0	0.0	0.0	0.0
Ar	1.766710	7.782416	-1.737536	-0.000350	0.000414	0.000111	0.0	0.0	0.0	0.0	0.0	0.0	0.0
Ar	-5.507823	-14.495171	16.205366	-0.002710	-0.001724	-0.000806	0.0	0.0	0.0	0.0	0.0	0.0	0.0
Ar	-4.421377	17.558489	26.506443	0.001301	0.002078	-0.000339	0.0	0.0	0.0	0.0	0.0	0.0	0.0
Ar	2.267346	20.598589	-8.372272	0.000325	-0.000292	-0.002301	0.0	0.0	0.0	0.0	0.0	0.0	0.0
Ar	10.796693	-10.884685	10.489366	0.001440	-0.000377	-0.000272	0.0	0.0	0.0	0.0	0.0	0.0	0.0
Ar	8.630390	-8.992087	-5.486216	-0.001042	0.000436	0.001055	0.0	0.0	0.0	0.0	0.0	0.0	0.0
Ar	-0.201258	6.453539	-13.165569	-0.000021	0.000506	0.000326	0.0	0.0	0.0	0.0	0.0	0.0	0.0
Ar	-15.465090	0.384363	-8.475390	-0.001141	-0.000847	0.000850	0.0	0.0	0.0	0.0	0.0	0.0	0.0
Ar	6.133650	2.278017	10.031797	0.001171	-0.000767	-0.001161	0.0	0.0	0.0	0.0	0.0	0.0	0.0
Ar	1.254136	14.083051	16.666072	0.001222	0.000031	0.000302	0.0	0.0	0.0	0.0	0.0	0.0	0.0
Ar	3.188890	-9.752293	8.125353	0.002525	-0.000696	0.000090	0.0	0.0	0.0	0.0	0.0	0.0	0.0
Ar	-7.514751	-18.416320	21.597881	-0.001294	-0.000930	0.001755	0.0	0.0	0.0	0.0	0.0	0.0	0.0
Ar	4.674315	15.513507	-7.469448	-0.000693	-0.000514	-0.001205	0.0	0.0	0.0	0.0	0.0	0.0	0.0
Ar	15.105243	-17.847933	2.386291	-0.002217	0.001361	0.001362	0.0	0.0	0.0	0.0	0.0	0.0	0.0
Ar	3.944697	-11.116868	-6.235122	0.000108	0.000003	-0.001119	0.0	0.0	0.0	0.0	0.0	0.0	0.0
Ar	16.405492	-4.882124	5.015976	0.000645	-0.000781	-0.001032	0.0	0.0	0.0	0.0	0.0	0.0	0.0
Ar	-0.580272	-10.434717	-18.331157	0.001029	0.001047	-0.000767	0.0	0.0	0.0	0.0	0.0	0.0	0.0
Ar	-2.092610	17.129234	-1.913223	0.000155	0.000994	0.000021	0.0	0.0	0.0	0.0	0.0	0.0	0.0
Ar	-5.992196	-4.894806	6.533527	-0.000552	0.000608	0.002056	0.0	0.0	0.0	0.0	0.0	0.0	0.0
Ar	10.507285	12.377617	-2.374482	-0.001421	0.001400	0.000587	0.0	0.0	0.0	0.0	0.0	0.0	0.0
Ar	15.457221	3.426671	10.047917	-0.002109	0.001064	0.001043	0.0	0.0	0.0	0.0	0.0	0.0	0.0
Ar	-13.410630	2.624476	-10.543416	0.000413	0.000181	0.001535	0.0	0.0	0.0	0.0	0.0	0.0	0.0
Ar	13.383279	-17.700812	13.993504	-0.000166	0.002698	-0.000034	0.0	0.0	0.0	0.0	0.0	0.0	0.0
Ar	13.318573	3.895790	-10.869902	-0.001684	0.001163	0.001021	0.0	0.0	0.0	0.0	0.0	0.0	0.0
Ar	-12.112740	-15.468359	11.515656	0.000761	0.000168	-0.000916	0.0	0.0	0.0	0.0	0.0	0.0	0.0
Ar	8.884182	15.066272	10.436141	-0.001602	-0.000088	-0.000958	0.0	0.0	0.0	0.0	0.0	0.0	0.0
Ar	-16.574383	8.069724	-2.145235	-0.000529	0.000036	0.000261	0.0	0.0	0.0	0.0	0.0	0.0	0.0
Ar	-7.271571	4.212863	21.548036	0.000527	-0.000485	0.000737	0.0	0.0	0.0	0.0	0.0	0.0	0.0
Ar	-9.846790	15.257008	6.283606	-0.000972	-0.000690	0.000822	0.0	0.0	0.0	0.0	0.0	0.0	0.0
Ar	-2.224472	-11.199177	5.926542	-0.000161	-0.000191	-0.000459	0.0	0.0	0.0	0.0	0.0	0.0	0.0
Ar	-7.736100	-6.123767	13.527799	-0.001772	-0.001320	0.000628	0.0	0.0	0.0	0.0	0.0	0.0	0.0
Ar	19.070286	18.768322	-1.480903	-0.001481	-0.000217	-0.000403	0.0	0.0	0.0	0.0	0.0	0.0	0.0
Ar	-2.293129	14.636006	15.461508	-0.001397	-0.001098	-0.003923	0.0	0.0	0.0	0.0	0.0	0.0	0.0
Ar	-18.044152	2.984920	-13.882068	0.000899	-0.000213	-0.000236	0.0	0.0	0.0	0.0	0.0	0.0	0.0
Ar	21.028141	-3.354015	-10.450826	-0.000394	0.000261	-0.000028	0.0	0.0	0.0	0.0	0.0	0.0	0.0
Ar	8.058912	2.219306	19.420765	0.003030	0.000437	0.000855	0.0	0.0	0.0	0.0	0.0	0.0	0.0
Ar	5.599022	5.835535	2.928670	0.000899	-0.000480	-0.000659	0.0	0.0	0.0	0.0	0.0	0.0	0.0
Ar	-18.659246	-12.533671	6.918550	0.001756	-0.001699	0.000155	0.0	0.0	0.0	0.0	0.0	0.0	0.0
Ar	16.543818	7.293897	-15.283558	-0.001662	0.001262	-0.000699	0.0	0.0	0.0	0.0	0.0	0.0	0.0
Ar	-3.962158	-5.521383	14.182826	0.002080	0.000125	0.000605	0.0	0.0	0.0	0.0	0.0	0.0	0.0
Ar	13.567174	-2.956796	-10.644999	0.000657	-0.000139	0.000724	0.0	0.0	0.0	0.0	0.0	0.0	0.0
Ar	-6.409496	-15.749098	6.910162	0.000119	-0.001394	-0.001620	0.0	0.0	0.0	0.0	0.0	0.0	0.0
Ar	-6.255909	6.866410	-14.873413	-0.000079	0.000901	0.000343	0.0	0.0	0.0	0.0	0.0	0.0	0.0
Ar	6.393788	-7.432865	6.870952	-0.000997	0.000802	0.000586	0.0	0.0	0.0	0.0	0.0	0.0	0.0
Ar	4.651178	11.972776	-6.584315	0.001275	0.001329	0.001517	0.0	0.0	0.0	0.0	0.0	0.0	0.0
Ar	12.929148	12.817396	0.066384	-0.000273	0.001117	0.001760	0.0	0.0	0.0	0.0	0.0	0.0	0.0
Ar	-4.255101	-19.297684	-3.664787	-0.000564	-0.002903	-0.000288	0.0	0.0	0.0	0.0	0.0	0.0	0.0
Ar	20.661238	2.680692	-26.694724	-0.001794	0.003360	-0.001408	0.0	0.0	0.0	0.0	0.0	0.0	0.0
Ar	-12.023344	-31.399584	-2.547716	-0.000633	0.000222	0.001608	0.0	0.0	0.0	0.0	0.0	0.0	0.0
Ar	-3.003849	13.376103	-14.618418	0.001002	0.001975	0.000396	0.0	0.0	0.0	0.0	0.0	0.0	0.0
Ar	7.297702	-11.051468	9.088344	0.000057	-0.001911	-0.002074	0.0	0.0	0.0	0.0	0.0	0.0	0.0
Ar	8.844634	-12.712006	-7.671054	0.001767	0.000297	-0.001001	0.0	0.0	0.0	0.0	0.0	0.0	0.0
Ar	10.649333	-9.038619	-9.639603	0.002712	-0.001207	-0.000364	0.0	0.0	0.0	0.0	0.0	0.0	0.0
Ar	-7.839941	3.938978	6.286811	0.001546	-0.001800	0.002022	0.0	0.0	0.0	0.0	0.0	0.0	0.0
Ar	10.271966	-4.195065	-15.898003	-0.000362	-0.000319	-0.000541	0.0	0.0	0.0	0.0	0.0	0.0	0.0
Ar	-5.994739	-6.472486	-3.570694	-0.000085	-0.000074	-0.000122	0.0	0.0	0.0	0.0	0.0	0.0	0.0
Ar	24.022315	8.639414	14.057888	0.000720	0.000568	-0.000183	0.0	0.0	0.0	0.0	0.0	0.0	0.0
Ar	-13.032619	16.763618	7.150354	-0.000171	-0.000744	-0.001040	0.0	0.0	0.0	0.0	0.0	0.0	0.0
Ar	-20.330625	10.031226	6.269229	0.000739	-0.000661	0.000972	0.0	0.0	0.0	0.0	0.0	0.0	0.0
Ar	5.659977	-3.846794	-10.439541	0.000625	-0.000056	0.001044	0.0	0.0	0.0	0.0	0.0	0.0	0.0
Ar	4.280470	-14.455982	-0.539104	0.000295	-0.000881	0.001172	0.0	0.0	0.0	0.0	0.0	0.0	0.0
Ar	-9.968372	1.929912	1.887368	-0.000120	-0.001113	-0.000593	0.0	0.0	0.0	0.0	0.0	0.0	0.0
Ar	-8.470117	13.704263	10.663458	0.000854	-0.000879	0.001125	0.0	0.0	0.0	0.0	0.0	0.0	0.0
Ar	8.540841	2.296230	3.618587	-0.001228	0.000443	0.000905	0.0	0.0	0.0	0.0	0.0	0.0	0.0
Ar	25.145416	2.634744	-4.433269	0.002209	0.001477	0.000375	0.0	0.0	0.0	0.0	0.0	0.0	0.0
Ar	-6.358179	-1.122651	-10.631124	0.001203	-0.000777	-0.001151	0.0	0.0	0.0	0.0	0.0	0.0	0.0
Ar	-20.658843	1.939937	6.545050	0.000398	-0.001360	0.001486	0.0	0.0	0.0	0.0	0.0	0.0	0.0
Ar	-7.716414	-10.854678	16.212319	-0.000964	-0.000431	-0.001443	0.0	0.0	0.0	0.0	0.0	0.0	0.0
Ar	-18.334999	13.574570	12.726375	0.001005	0.000824	-0.000281	0.0	0.0	0.0	0.0	0.0	0.0	0.0
Ar	6.249499	-4.369417	-13.901540	0.001200	0.000297	-0.000615	0.0	0.0	0.0	0.0	0.0	0.0	0.0
Ar	-13.758186	-10.153258	12.078153	-0.000279	-0.000106	0.001909	0.0	0.0	0.0	0.0	0.0	0.0	0.0
Ar	10.193036	-7.426022	4.634014	0.000540	-0.001435	0.001940	0.0	0.0	0.0	0.0	0.0	0.0	0.0
Ar	0.733064	-1.637561	-21.309775	0.000814	0.001047	0.000793	0.0	0.0	0.0	0.0	0.0	0.0	0.0
Ar	18.568284	-11.850511	-14.560517	0.000323	-0.000164	-0.000572	0.0	0.0	0.0	0.0	0.0	0.0	0.0
Ar	-6.624142	3.929453	10.654403	-0.000357	0.003060	-0.000774	0.0	0.0	0.0	0.0	0.0	0.0	0.0
Ar	-21.810050	5.131847	-4.539986	0.000031	-0.001629	-0.000415	0.0	0.0	0.0	0.0	0.0	0.0	0.0
Ar	-0.726272	9.223962	4.554970	0.001113	0.000308	0.000210	0.0	0.0	0.0	0.0	0.0	0.0	0.0
Ar	8.021221	6.760763	-4.449198	0.000688	0.001000	-0.000284	0.0	0.0	0.0	0.0	0.0	0.0	0.0
Ar	3.427512	-6.146190	17.661817	-0.001648	0.001681	0.001498	0.0	0.0	0.0	0.0	0.0	0.0	0.0
Ar	-10.896270	8.270334	3.124411	-0.001575	-0.001817	-0.000934	0.0	0.0	0.0	0.0	0.0	0.0	0.0
Ar	6.305431	1.465639	-20.042483	-0.000949	0.002951	0.001382	0.0	0.0	0.0	0.0	0.0	0.0	0.0
Ar	-0.673852	-4.707986	-1.630996	0.000589	-0.000384	0.000966	0.0	0.0	0.0	0.0	0.0	0.0	0.0
Ar	9.741127	-7.980234	8.252353	-0.000323	0.001013	-0.000497	0.0	0.0	0.0	0.0	0.0	0.0	0.0
Ar	-19.322955	-0.935567	15.343241	0.000075	0.000409	0.000118	0.0	0.0	0.0	0.0	0.0	0.0	0.0
Ar	-2.481986	-1.209520	-10.903291	0.001783	0.000093	0.000754	0.0	0.0	0.0	0.0	0.0	0.0	0.0
Ar	-19.584960	5.397968	-7.530626	0.000533	0.001219	-0.001878	0.0	0.0	0.0	0.0	0.0	0.0	0.0
Ar	7.359019	-1.100665	8.866740	-0.001431	-0.000018	-0.001348	0.0	0.0	0.0	0.0	0.0	0.0	0.0
Ar	4.208600	0.410923	-9.114933	0.001448	-0.003337	-0.000568	0.0	0.0	0.0	0.0	0.0	0.0	0.0
Ar	23.240288	-3.576453	-6.315249	0.001105	0.000586	-0.001781	0.0	0.0	0.0	0.0	0.0	0.0	0.0
Ar	-11.043552	-19.143673	-12.937209	-0.000344	0.001682	-0.000677	0.0	0.0	0.0	0.0	0.0	0.0	0.0
Ar	1.059991	7.274469	-5.635200	-0.001290	-0.000395	0.000492	0.0	0.0	0.0	0.0	0.0	0.0	0.0
Ar	-1.556718	8.182788	0.615370	-0.000325	-0.001427	0.002361	0.0	0.0	0.0	0.0	0.0	0.0	0.0
Ar	-15.049364	-9.336269	16.558760	-0.000319	0.000417	-0.000802	0.0	0.0	0.0	0.0	0.0	0.0	0.0
Ar	2.392771	6.385606	10.719468	-0.001234	0.000883	0.000404	0.0	0.0	0.0	0.0	0.0	0.0	0.0
Ar	-0.050736	2.848242	6.343714	0.000020	-0.002519	0.000280	0.0	0.0	0.0	0.0	0.0	0.0	0.0
Ar	12.492699	4.911203	1.664308	0.000018	-0.001241	0.001773	0.0	0.0	0.0	0.0	0.0	0.0	0.0
Ar	14.890168	13.225892	7.470237	0.000533	0.000508	-0.002474	0.0	0.0	0.0	0.0	0.0	0.0	0.0
Ar	1.462176	-7.901697	-13.013966	-0.000187	0.000687	-0.000062	0.0	0.0	0.0	0.0	0.0	0.0	0.0
Ar	8.256476	0.790387	-6.942076	0.000930	-0.000677	-0.001678	0.0	0.0	0.0	0.0	0.0	0.0	0.0
Ar	-1.026485	-2.791502	-8.166608	0.001481	-0.000759	-0.000602	0.0	0.0	0.0	0.0	0.0	0.0	0.0
Ar	8.006955	16.790522	-8.906642	-0.000438	0.000235	-0.001287	0.0	0.0	0.0	0.0	0.0	0.0	0.0
Ar	2.598454	4.655737	-11.513332	-0.001152	-0.001200	0.000841	0.0	0.0	0.0	0.0	0.0	0.0	0.0
Ar	4.454503	8.808123	0.861888	0.000620	-0.002555	0.000618	0.0	0.0	0.0	0.0	0.0	0.0	0.0
Ar	1.023213	-3.037129	9.088681	-0.000752	0.000102	0.000831	0.0	0.0	0.0	0.0	0.0	0.0	0.0
Ar	19.329334	-15.063543	20.946885	-0.000770	-0.000978	0.000519	0.0	0.0	0.0	0.0	0.0	0.0	0.0
Ar	-6.915056	-16.039555	12.648336	-0.000567	-0.000409	0.002113	0.0	0.0	0.0	0.0	0.0	0.0	0.0
Ar	13.524614	-5.022658	0.287652	-0.000908	-0.001233	-0.000053	0.0	0.0	0.0	0.0	0.0	0.0	0.0
Ar	-1.283010	1.559531	12.436619	-0.000474	-0.001432	0.000768	0.0	0.0	0.0	0.0	0.0	0.0	0.0
Ar	24.469423	15.621183	2.440948	-0.000106	-0.001003	-0.000316	0.0	0.0	0.0	0.0	0.0	0.0	0.0
Ar	7.730559	5.349487	5.780855	-0.000157	0.000454	-0.000016	0.0	0.0	0.0	0.0	0.0	0.0	0.0
Ar	8.488850	6.798285	12.652198	0.002278	-0.000154	0.000723	0.0	0.0	0.0	0.0	0.0	0.0	0.0
Ar	12.998215	-19.960785	4.015549	-0.002386	-0.000567	-0.000519	0.0	0.0	0.0	0.0	0.0	0.0	0.0
Ar	-13.983368	-5.082821	-0.268878	-0.002979	-0.001396	0.001744	0.0	0.0	0.0	0.0	0.0	0.0	0.0
Ar	10.513268	2.682974	16.460953	-0.001655	-0.000029	0.002093	0.0	0.0	0.0	0.0	0.0	0.0	0.0
Ar	-7.750242	-5.652947	-13.021694	0.002024	-0.000424	0.001914	0.0	0.0	0.0	0.0	0.0	0.0	0.0
Ar	-10.821838	-12.350869	11.440384	-0.000539	-0.000492	-0.000638	0.0	0.0	0.0	0.0	0.0	0.0	0.0
Ar	-13.278688	-11.073302	3.871100	-0.000856	0.000444	-0.000104	0.0	0.0	0.0	0.0	0.0	0.0	0.0
Ar	-10.872255	5.986913	-10.615846	-0.000417	0.000201	0.000605	0.0	0.0	0.0	0.0	0.0	0.0	0.0
Ar	8.776516	-15.476447	-5.144523	-0.000984	0.000180	-0.001188	0.0	0.0	0.0	0.0	0.0	0.0	0.0
Ar	-16.496416	12.223376	10.076837	-0.002927	0.001299	0.001058	0.0	0.0	0.0	0.0	0.0	0.0	0.0
Ar	2.672044	-17.178100	19.989725	-0.000053	0.001754	0.000076	0.0	0.0	0.0	0.0	0.0	0.0	0.0
Ar	-19.459590	13.254314	-7.263079	-0.000444	-0.000881	0.001151	0.0	0.0	0.0	0.0	0.0	0.0	0.0
Ar	0.613635	3.984484	17.991283	0.001492	-0.001947	-0.000047	0.0	0.0	0.0	0.0	0.0	0.0	0.0
Ar	6.475576	-5.333142	-6.596077	-0.000079	-0.003497	-0.000260	0.0	0.0	0.0	0.0	0.0	0.0	0.0
Ar	-12.250023	12.044025	1.099685	-0.000348	0.000505	-0.001607	0.0	0.0	0.0	0.0	0.0	0.0	0.0
Ar	-3.868362	10.306849	-9.102958	-0.000849	0.000496	0.001471	0.0	0.0	0.0	0.0	0.0	0.0	0.0
Ar	-16.623292	-10.794511	9.829279	-0.000840	-0.000313	-0.002587	0.0	0.0	0.0	0.0	0.0	0.0	0.0
Ar	2.925794	15.832696	-24.297470	-0.000116	-0.000754	0.001340	0.0	0.0	0.0	0.0	0.0	0.0	0.0
Ar	-2.816568	-17.882854	12.339621	0.000280	-0.000663	-0.002539	0.0	0.0	0.0	0.0	0.0	0.0	0.0
Ar	-2.168987	8.438205	-6.554047	-0.001409	0.002220	0.000376	0.0	0.0	0.0	0.0	0.0	0.0	0.0
Ar	-3.818045	4.985367	8.052300	0.002266	-0.000328	-0.000867	0.0	0.0	0.0	0.0	0.0	0.0	0.0
Ar	11.192414	-0.376160	4.483323	-0.000399	0.000347	-0.001007	0.0	0.0	0.0	0.0	0.0	0.0	0.0
Ar	-14.197869	2.315614	15.130652	0.000044	-0.000135	-0.000210	0.0	0.0	0.0	0.0	0.0	0.0	0.0
Ar	4.934325	0.768432	-16.331066	0.002497	0.000324	0.002440	0.0	0.0	0.0	0.0	0.0	0.0	0.0
Ar	0.934066	10.462916	-7.074671	0.001040	-0.000310	0.000865	0.0	0.0	0.0	0.0	0.0	0.0	0.0
Ar	11.420726	-12.195086	-17.493163	0.001305	0.000522	-0.000244	0.0	0.0	0.0	0.0	0.0	0.0	0.0
Ar	-8.231270	-14.146571	-6.174599	0.000467	0.000379	0.000196	0.0	0.0	0.0	0.0	0.0	0.0	0.0
Ar	1.458401	10.642244	1.064870	0.003121	-0.002735	-0.001364	0.0	0.0	0.0	0.0	0.0	0.0	0.0
Ar	-16.772291	-2.532330	17.020988	-0.002084	0.000924	0.000222	0.0	0.0	0.0	0.0	0.0	0.0	0.0
Ar	1.481829	-2.383556	-10.657692	-0.002768	-0.000632	0.000068	0.0	0.0	0.0	0.0	0.0	0.0	0.0
Ar	8.979830	6.249566	2.011290	0.000866	-0.001475	-0.001052	0.0	0.0	0.0	0.0	0.0	0.0	0.0
Ar	1.175568	11.557796	-10.362238	0.000761	0.002099	0.000781	0.0	0.0	0.0	0.0	0.0	0.0	0.0
Ar	-8.284534	9.101068	-5.078098	0.001153	-0.001072	0.000673	0.0	0.0	0.0	0.0	0.0	0.0	0.0
Ar	-11.237429	-4.433240	8.030915	-0.002475	-0.000755	0.001725	0.0	0.0	0.0	0.0	0.0	0.0	0.0
Ar	-5.866682	-11.581213	6.882553	0.000576	-0.003002	-0.000592	0.0	0.0	0.0	0.0	0.0	0.0	0.0
Ar	-3.949043	-11.677384	-12.280333	-0.000635	-0.000535	0.000074	0.0	0.0	0.0	0.0	0.0	0.0	0.0
Ar	14.759757	-11.399201	-15.783583	-0.000405	-0.000641	-0.002609	0.0	0.0	0.0	0.0	0.0	0.0	0.0
Ar	1.557960	0.576615	-6.216409	-0.000464	-0.001055	-0.000175	0.0	0.0	0.0	0.0	0.0	0.0	0.0
Ar	21.489704	21.107430	0.897442	-0.000382	0.000888	0.000323	0.0	0.0	0.0	0.0	0.0	0.0	0.0
Ar	-1.524245	13.381615	-8.485592	-0.000763	0.001105	0.000476	0.0	0.0	0.0	0.0	0.0	0.0	0.0
Ar	1.187894	17.677876	0.209666	0.001150	0.000714	-0.001694	0.0	0.0	0.0	0.0	0.0	0.0	0.0
Ar	-4.258971	20.653458	-8.857239	-0.001168	0.000167	0.000147	0.0	0.0	0.0	0.0	0.0	0.0	0.0
Ar	-11.670228	17.745620	-3.061975	0.001342	-0.000974	0.000652	0.0	0.0	0.0	0.0	0.0	0.0	0.0
Ar	-13.553652	10.056693	-7.546221	0.000337	-0.002168	-0.000973	0.0	0.0	0.0	0.0	0.0	0.0	0.0
Ar	13.796415	-7.992617	-5.900957	0.000674	0.001722	-0.001896	0.0	0.0	0.0	0.0	0.0	0.0	0.0
