256
10000;	19.713	0	0;	0	19.713	0;	0	0	19.713;	-1.13336E-05	-0.0372992;
SPCE_RB_0	-13.882269	-6.595441	-10.074898	0.000873	0.007358	0.002248	0.786164	-0.384337	-0.368150	0.314160	-0.016916	0.001558	0.019010
SPCE_RB_0	-10.800233	-3.862809	-9.917968	-0.010883	0.000654	0.004554	0.413772	-0.708034	-0.481267	-0.309616	-0.007502	0.012014	0.009878
SPCE_RB_0	-13.359152	-13.264782	-5.753301	0.003626	0.003221	0.000199	0.515522	-0.147071	-0.552098	0.638588	-0.003590	-0.010012	-0.023058
SPCE_RB_0	-12.806787	-2.094116	-9.787850	-0.004571	0.002046	-0.009172	0.103778	-0.659451	0.556394	0.494752	-0.017334	-0.010020	0.020307
SPCE_RB_0	-4.325610	0.237567	-11.672402	-0.001644	0.002100	-0.000438	0.690014	-0.366525	0.188740	0.594909	0.035059	-0.000647	0.042090
SPCE_RB_0	-6.206036	-4.408390	0.984730	-0.006370	-0.001841	-0.001406	0.369545	0.465536	-0.280872	-0.753541	0.022559	-0.005150	-0.002207
SPCE_RB_0	-10.109230	-9.705747	-12.632530	-0.003402	-0.001278	-0.000457	0.061956	0.376144	-0.002501	-0.924484	-0.013063	0.015298	0.010773
SPCE_RB_0	-4.398023	-12.605585	-3.813983	-0.003268	-0.000563	-0.007232	0.079564	0.388472	0.665506	-0.632346	-0.005273	0.000010	0.027875
SPCE_RB_0	1.402899	0.847639	3.147025	0.000624	-0.000937	-0.000059	0.277725	0.797994	0.244834	0.475532	0.016689	-0.001651	-0.008410
SPCE_RB_0	-7.700529	-16.941679	-3.290565	-0.002702	0.000143	0.002261	0.189633	-0.957703	-0.057156	-0.208750	-0.000056	0.008988	-0.018186
SPCE_RB_0	0.952781	-12.206004	-23.940980	-0.001146	0.004843	0.002400	0.844797	-0.344350	-0.378368	0.156777	0.012672	0.021093	0.004116
SPCE_RB_0	6.372821	-18.491755	-13.263787	-0.001049	-0.001845	0.001286	0.755438	-0.183443	-0.015794	0.628819	0.009573	0.003350	0.010483
SPCE_RB_0	6.923175	-11.803794	-31.036005	-0.003838	0.000225	0.000762	0.724935	0.011855	0.506969	0.466167	-0.024849	0.000418	0.001411
SPCE_RB_0	4.683959	-7.558936	-14.481167	0.008231	-0.000784	-0.001692	0.030927	-0.154442	0.747467	-0.645355	0.005150	0.008514	-0.005714
SPCE_RB_0	4.778899	0.993977	-22.059271	-0.007356	0.001714	-0.002409	0.061522	0.729709	0.464829	0.497669	0.032263	0.011857	-0.006920
SPCE_RB_0	26.513029	-1.998135	-6.791794	-0.002756	-0.004737	0.003193	0.091200	0.410053	-0.756431	-0.501350	0.013181	0.009682	0.026885
SPCE_RB_0	-13.700437	-14.387902	7.830245	0.006126	0.000181	0.002950	0.569282	-0.144666	0.750795	0.302154	0.016101	0.030515	-0.011507
SPCE_RB_0	-1.823825	-17.718058	-7.928848	-0.003128	-0.002294	-0.000527	0.872901	-0.171406	0.300118	-0.344374	-0.020082	0.003259	-0.006191
SPCE_RB_0	-1.972223	4.760060	-0.054322	0.001208	0.004913	-0.000192	0.761892	-0.550599	-0.319814	0.118665	0.008333	0.011027	-0.010519
SPCE_RB_0	1.717575	-13.511481	-1.478481	-0.003712	-0.003567	-0.000817	0.228131	0.683644	-0.517430	0.461360	0.009524	-0.005596	-0.022527
SPCE_RB_0	-3.228555	-15.755938	-11.918201	-0.006125	-0.000072	-0.003520	0.636094	-0.405437	-0.336682	0.563605	-0.003239	-0.019908	-0.030107
SPCE_RB_0	-6.774941	-0.273434	-1.035956	-0.001683	-0.006356	0.001889	0.055339	0.137769	0.967823	0.203167	-0.011254	0.003478	-0.002673
SPCE_RB_0	-8.773612	-6.910883	-0.677091	0.003434	-0.005348	0.001652	0.676835	-0.351757	0.272615	-0.586381	-0.008146	-0.015497	0.005452
SPCE_RB_0	4.785469	-24.060139	-5.008295	0.001873	-0.001792	-0.003326	0.317653	-0.324790	-0.049670	-0.889461	-0.040813	0.006679	0.013465
SPCE_RB_0	-2.190793	-0.705841	-13.221351	-0.008084	0.000674	0.007045	0.682708	-0.248279	-0.274574	-0.629982	0.001860	-0.023232	0.018634
SPCE_RB_0	-3.304524	-5.667624	-8.888533	0.005870	0.000411	0.005081	0.134802	-0.441594	0.463616	0.756229	-0.012280	-0.007729	0.014136
SPCE_RB_0	-13.328066	-6.696966	-20.017234	0.008284	0.000075	-0.004622	0.013357	0.352440	0.831741	0.428735	0.041797	0.012941	-0.009601
SPCE_RB_0	6.367653	3.467639	-8.404819	-0.000276	-0.003147	0.003975	0.498481	0.069405	-0.802382	0.320754	0.004883	-0.015544	0.025370
SPCE_RB_0	-12.308185	-7.379750	-26.433109	0.003241	0.003627	0.004431	0.129480	-0.890931	0.259093	0.349781	0.021034	-0.009424	0.003830
SPCE_RB_0	1.683282	-4.167168	-15.403743	-0.005200	-0.003295	0.005687	0.366705	-0.602005	-0.525615	-0.476283	0.003801	0.007478	0.007560
SPCE_RB_0	12.531276	-10.584185	2.983720	-0.001524	-0.000539	-0.000990	0.104509	-0.221550	0.790129	0.561862	-0.011066	-0.004649	0.007390
SPCE_RB_0	7.199277	-0.733949	3.613354	-0.004350	-0.003496	-0.008231	0.858532	-0.292284	-0.252812	0.337015	-0.006354	0.005410	-0.015832
SPCE_RB_0	-22.260612	-7.905479	-18.374943	-0.003180	-0.003896	0.002238	0.752612	-0.475453	0.445897	0.093255	-0.044394	-0.000002	-0.051802
SPCE_RB_0	-6.074488	-6.807043	-0.639240	-0.000852	-0.000336	-0.001809	0.644814	0.056729	0.676187	0.351807	0.019537	0.009279	0.003626
SPCE_RB_0	-5.745664	-5.282793	-7.038860	-0.004759	0.007424	0.003076	0.778273	-0.243827	0.014123	0.578480	0.014781	-0.008595	-0.009724
SPCE_RB_0	-0.180357	-14.921317	-10.787947	-0.002261	0.008223	0.005976	0.232950	-0.931953	0.134007	0.243392	-0.000620	0.002334	-0.008619
SPCE_RB_0	-10.872585	1.415406	-8.021900	-0.000860	0.004024	0.002539	0.084172	0.130493	-0.489913	-0.857830	0.014384	-0.006807	-0.001244
SPCE_RB_0	-7.231633	5.429577	-11.993219	0.001061	0.003880	0.000515	0.049531	-0.676708	0.722921	-0.130377	-0.005327	-0.009326	-0.022572
SPCE_RB_0	-6.270277	-11.835748	-7.983941	0.001150	0.001909	-0.007769	0.479177	0.788905	-0.030827	0.383494	-0.012892	-0.011179	0.001629
SPCE_RB_0	-10.340560	-2.656846	-26.302167	-0.001992	-0.001019	-0.004102	0.574601	-0.551040	-0.588272	-0.141861	-0.007314	0.008891	0.012374
SPCE_RB_0	8.422672	7.113805	-15.374704	0.002422	-0.000982	-0.002733	0.588296	0.110896	0.711165	-0.368585	-0.043391	0.003338	0.021301
SPCE_RB_0	-1.636612	0.056039	9.787635	0.005080	-0.006888	-0.005132	0.585712	-0.582827	0.060410	-0.560004	0.060968	0.003929	-0.019990
SPCE_RB_0	14.683407	-4.105133	-15.332406	0.000848	-0.006455	-0.008719	0.384813	0.144799	-0.536124	0.737240	0.004364	0.004455	-0.000238
SPCE_RB_0	4.990717	-10.750167	-6.093074	-0.003787	-0.004315	-0.000078	0.615139	0.490792	-0.448034	0.424256	-0.032364	-0.001705	-0.009212
SPCE_RB_0	-4.034352	6.876283	-10.827642	0.001081	0.001493	0.001070	0.564948	0.587145	0.412198	0.407660	0.024229	0.003249	-0.006667
SPCE_RB_0	1.309328	-3.893168	-10.554873	0.002869	-0.001856	0.000356	0.145351	0.358989	-0.823104	0.415331	-0.023058	-0.000083	0.023141
SPCE_RB_0	14.608719	11.785775	-7.326244	-0.001624	-0.003051	0.001530	0.222171	-0.942767	-0.105030	0.225387	-0.016060	0.008930	-0.017945
SPCE_RB_0	4.499993	5.910493	-1.350217	-0.001271	-0.000858	-0.000479	0.302128	-0.203417	0.511011	-0.778594	-0.001758	0.030580	-0.000210
SPCE_RB_0	-14.510073	5.034294	-14.503114	0.004637	-0.006175	0.003018	0.846353	-0.504768	-0.063866	0.157535	-0.035864	0.005524	0.010563
SPCE_RB_0	-8.735806	6.611576	-16.655017	-0.001904	0.005120	-0.000481	0.514654	0.159916	0.841515	0.037549	0.001188	0.007569	-0.000278
SPCE_RB_0	-8.835940	11.195791	-8.480546	-0.001695	0.001006	-0.006822	0.179873	-0.176616	-0.264932	-0.930733	-0.011872	-0.006146	-0.008648
SPCE_RB_0	-10.913316	6.651642	-6.989375	-0.001007	-0.005569	0.004096	0.682700	-0.443376	-0.580806	-0.001900	-0.023713	0.007199	-0.019200
SPCE_RB_0	-14.869061	4.203423	-3.753080	-0.002358	0.000773	0.010107	0.277541	0.792319	0.508619	0.191070	-0.031646	0.006939	0.004361
SPCE_RB_0	-17.618562	11.496372	-13.590954	0.000360	0.004985	0.000959	0.476401	-0.633167	-0.422248	-0.440283	-0.002400	-0.006427	0.035136
SPCE_RB_0	2.983942	-0.325468	-0.664455	-0.002250	0.005513	-0.009675	0.232618	0.121726	0.944352	-0.198170	0.012043	-0.005725	-0.020219
SPCE_RB_0	-4.275204	6.792434	-0.595194	-0.004271	0.007100	0.002996	0.414778	-0.101328	-0.778659	-0.459763	0.037598	-0.013115	-0.011597
SPCE_RB_0	-15.241868	4.464131	-6.444417	-0.001937	0.001346	-0.003321	0.303855	0.734383	-0.528464	0.298461	0.009484	0.019636	-0.024364
SPCE_RB_0	10.481514	13.352095	2.267132	0.002575	-0.000810	0.002002	0.078974	0.337341	-0.124839	-0.929720	-0.009818	-0.008948	0.010157
SPCE_RB_0	-3.782265	5.961516	-15.102869	-0.000460	0.004837	0.003729	0.164286	-0.379314	-0.601354	-0.683743	0.000468	0.002987	-0.005469
SPCE_RB_0	1.790318	2.133868	-19.074745	0.003812	0.004174	-0.003557	0.181306	0.770270	0.576594	-0.203352	0.013022	-0.014063	0.031918
SPCE_RB_0	15.527289	3.061797	-9.292258	0.004486	0.005356	-0.004854	0.550818	0.132601	-0.448012	0.691594	-0.051892	0.027041	0.009132
SPCE_RB_0	-5.225133	-4.238891	-3.264159	0.001652	0.001033	-0.002750	0.133760	-0.687762	0.352869	-0.620141	-0.003104	-0.010885	-0.036947
SPCE_RB_0	5.088830	6.573183	-8.645604	-0.004833	0.003986	0.001318	0.199176	0.753640	-0.486829	0.394149	-0.029710	0.007986	-0.010586
SPCE_RB_0	10.509292	7.552150	-0.645832	0.001449	0.000526	-0.001339	0.937354	0.068134	-0.334656	-0.068781	-0.022845	0.002473	0.019486
SPCE_RB_0	-17.263741	-5.483359	-5.366557	0.006370	-0.007476	-0.001334	0.306583	-0.754396	0.544593	-0.200776	-0.032600	0.010867	0.021501
SPCE_RB_0	-3.784438	-0.854871	-1.266468	-0.003501	-0.004176	0.001016	0.023244	-0.503326	0.553402	0.663226	0.010872	0.008965	-0.034719
SPCE_RB_0	-9.818952	-3.893745	-1.979569	-0.000163	-0.001277	-0.000178	0.692749	0.642745	-0.321824	0.058363	0.023479	0.006544	-0.007877
SPCE_RB_0	9.903646	4.977585	0.582881	-0.004075	-0.003126	0.001045	0.607903	0.190882	0.085446	-0.765974	0.021183	-0.020287	-0.007207
SPCE_RB_0	-6.729399	-16.811138	-8.329902	0.001484	-0.004195	-0.004867	0.426417	0.065711	-0.751830	0.498600	-0.005056	-0.004344	-0.022133
SPCE_RB_0	-19.876304	-2.783220	-0.031312	-0.001530	-0.000115	-0.003595	0.032828	0.938051	-0.047523	-0.341648	0.004269	-0.007292	-0.003301
SPCE_RB_0	7.700307	-15.238967	-3.513673	0.001896	0.003867	-0.003710	0.019930	-0.482514	-0.279897	-0.829723	-0.031497	0.006539	0.012089
SPCE_RB_0	-1.639063	-8.260942	-11.553833	0.001577	-0.006585	-0.000791	0.743501	0.019194	-0.070357	0.664747	-0.007710	-0.015657	0.050036
SPCE_RB_0	-17.601525	-22.476331	-21.313751	0.005356	-0.000313	0.003807	0.283169	0.220543	0.351396	-0.864695	-0.011928	0.011520	-0.009635
SPCE_RB_0	-0.762391	-7.819409	3.258840	0.002511	-0.002978	-0.004924	0.331926	0.352169	0.368027	-0.793951	-0.001441	-0.025899	-0.010362
SPCE_RB_0	17.290542	-3.346433	-6.400324	0.001522	0.007813	0.001063	0.481320	-0.536501	0.396761	-0.568399	-0.011194	0.013434	-0.011763
SPCE_RB_0	12.980221	-21.498514	-3.476117	0.007409	0.002033	0.005991	0.440315	0.363884	-0.726545	0.381895	-0.008462	-0.020091	-0.020492
SPCE_RB_0	5.934617	-11.244815	-19.095480	0.002940	0.000699	0.005966	0.512334	-0.056188	0.856871	0.011342	0.053717	0.008827	-0.016785
SPCE_RB_0	10.573978	-17.786868	-15.055175	0.003544	-0.003285	-0.004291	0.160403	0.806853	-0.566637	0.046720	-0.002422	-0.006597	-0.014764
SPCE_RB_0	11.541321	-0.181923	6.372496	-0.004288	-0.002399	0.010039	0.053052	0.352547	-0.933192	-0.045255	-0.048371	0.002438	-0.008955
SPCE_RB_0	10.772947	-0.925012	-8.738511	0.004813	-0.002432	0.001744	0.201488	0.335565	-0.884196	-0.254942	-0.004915	-0.005334	-0.028883
SPCE_RB_0	3.568910	8.464590	2.150229	-0.002294	-0.002580	-0.001992	0.046651	-0.617656	-0.775935	0.119371	-0.050184	-0.012193	0.011497
SPCE_RB_0	-2.065070	6.384688	-2.353955	-0.001194	0.000971	0.001477	0.015954	0.805550	0.484655	-0.340505	-0.011009	0.005031	0.014023
SPCE_RB_0	0.088475	-6.299389	6.439106	-0.001540	-0.001955	-0.001073	0.765155	-0.136360	-0.626545	-0.058180	-0.009993	0.011174	-0.013011
SPCE_RB_0	-3.395783	15.000454	1.760413	0.005286	-0.000009	0.004224	0.649244	-0.357611	-0.328760	0.585247	0.013868	-0.006908	0.005055
SPCE_RB_0	0.562259	-6.235516	-0.902911	-0.001525	-0.001192	0.001513	0.335600	0.506072	0.143418	-0.781470	-0.004532	-0.031417	-0.027926
SPCE_RB_0	-0.711627	-6.522167	-8.360795	0.006557	-0.000163	0.000231	0.426231	-0.534239	-0.542240	0.488766	0.009717	-0.027112	-0.033152
SPCE_RB_0	3.848597	2.099780	7.263993	0.007256	0.000415	0.001968	0.758364	-0.460111	-0.343631	0.308383	-0.015735	-0.002594	0.000895
SPCE_RB_0	-3.459665	-8.162539	-9.790303	-0.001518	0.004858	-0.001206	0.684601	-0.109327	-0.661665	-0.285602	0.011087	0.035064	-0.013026
SPCE_RB_0	-2.030585	-9.567936	-7.825076	-0.005990	0.000021	0.000819	0.676666	-0.604798	-0.332984	0.255861	0.000642	0.008471	0.036965
SPCE_RB_0	5.946356	2.656244	4.224364	0.004870	-0.000537	0.001811	0.122750	-0.002843	-0.102353	-0.987142	0.046013	-0.016574	0.024012
SPCE_RB_0	-4.998125	-22.116620	-6.817965	-0.000553	0.004458	-0.001915	0.676273	0.475251	-0.310769	0.469270	-0.024315	-0.005980	0.001754
SPCE_RB_0	9.606645	-17.977988	7.812175	-0.001547	0.000949	0.002607	0.703562	-0.535544	0.420010	0.204415	0.027470	-0.020170	-0.003374
SPCE_RB_0	13.013478	-6.016128	-16.421908	-0.001920	0.001310	-0.001162	0.428655	0.338370	-0.686086	0.480673	0.034877	0.013279	-0.008276
SPCE_RB_0	5.028704	-8.369485	-7.688037	-0.002903	-0.006213	0.001301	0.427338	0.013161	-0.751181	0.502927	0.003856	-0.020338	-0.004227
SPCE_RB_0	11.889142	-5.529916	-3.519651	-0.003926	0.000549	0.001660	0.878830	0.225795	0.258524	-0.331423	0.038037	0.009116	-0.001903
SPCE_RB_0	10.309888	-5.824837	-8.455171	0.001977	0.001153	0.003048	0.688030	-0.641999	0.248996	0.229027	0.008043	0.008554	-0.004981
SPCE_RB_0	-10.865505	-4.499705	5.689020	-0.005120	0.001069	0.001662	0.304906	0.603084	-0.332110	0.658046	-0.006874	-0.013530	0.022095
SPCE_RB_0	-16.776238	13.631165	-10.559710	0.005498	-0.004889	0.000847	0.365886	0.921807	-0.110656	0.064461	-0.024924	0.002215	-0.002544
SPCE_RB_0	-11.396580	-4.182571	0.235438	-0.005067	0.001173	0.004193	0.479306	0.036235	-0.129805	-0.867239	-0.008790	-0.006123	-0.008586
SPCE_RB_0	-20.373164	-2.413130	4.465845	0.000982	-0.001762	-0.004780	0.337073	-0.863727	-0.143088	0.346242	-0.038828	-0.000756	-0.010152
SPCE_RB_0	-14.974039	5.675912	1.353645	0.000859	-0.000772	0.000175	0.115878	-0.565716	0.090644	0.811370	0.000917	0.018284	0.003555
SPCE_RB_0	-12.384189	1.802007	-0.974599	-0.001509	0.001438	-0.000484	0.667029	-0.500450	-0.183210	-0.520631	0.001830	0.018809	0.043526
SPCE_RB_0	-4.924014	-10.447212	-11.696390	-0.000566	0.000945	0.005341	0.493025	0.862602	0.104078	-0.044860	0.022729	-0.014032	-0.003894
SPCE_RB_0	-3.425353	7.136322	11.814284	-0.002875	0.005880	-0.003157	0.951032	0.120550	0.234584	0.161171	0.005482	-0.005643	0.009855
SPCE_RB_0	-13.192391	8.999023	5.078618	0.001797	0.002405	0.001226	0.191610	0.885683	0.376091	0.193407	0.005990	-0.015873	0.003023
SPCE_RB_0	-0.250057	-2.927525	-8.420051	-0.001691	0.003271	-0.000675	0.359693	-0.502690	0.460742	-0.636899	0.012054	0.016366	-0.010608
SPCE_RB_0	2.452192	2.255691	-6.941554	0.007214	-0.004183	0.001152	0.315127	0.360256	-0.871954	-0.102988	0.026887	-0.007092	-0.000989
SPCE_RB_0	-2.652328	-0.319125	-5.923225	-0.002739	-0.000404	0.000179	0.408018	0.598487	-0.617817	0.306000	-0.006063	-0.000474	-0.000154
SPCE_RB_0	6.298492	-5.862996	-16.729908	0.000358	0.000757	-0.000891	0.318181	-0.561431	-0.693119	-0.321158	0.013951	0.008081	-0.022712
SPCE_RB_0	12.371563	1.286180	2.864588	0.001181	-0.006243	-0.006611	0.352930	0.677123	-0.463697	0.449365	0.012183	-0.006198	-0.011151
SPCE_RB_0	7.136683	9.027275	-2.883246	0.002165	-0.001556	0.002681	0.091013	0.664012	-0.592004	-0.447589	0.021767	-0.014967	0.001100
SPCE_RB_0	-0.574789	8.076996	10.553595	0.007066	-0.003842	0.000759	0.826354	-0.286126	0.034633	0.483809	0.001293	0.025114	-0.021798
SPCE_RB_0	-6.757089	0.953056	-24.674259	-0.003643	0.006438	-0.003181	0.631239	0.760615	0.145521	-0.042739	-0.030862	-0.002674	0.021591
SPCE_RB_0	-16.363810	16.369233	-7.481583	0.000025	0.004229	-0.001451	0.784853	0.444531	0.267060	-0.339229	-0.013765	0.008732	0.031722
SPCE_RB_0	-9.289218	5.165539	-14.119400	0.001224	0.000090	-0.002424	0.076926	0.017560	0.962287	-0.260340	-0.017840	0.016015	-0.022261
SPCE_RB_0	-8.797731	-2.079474	-11.287816	0.000359	-0.000988	0.006726	0.261988	0.886256	0.217206	0.314221	0.000937	-0.019833	-0.015599
SPCE_RB_0	-3.164388	4.255973	-17.279647	-0.008781	-0.003721	0.001270	0.995530	-0.081409	0.019940	0.043528	-0.030603	-0.005094	0.016595
SPCE_RB_0	-4.529604	11.782637	3.466896	0.003576	0.006341	-0.001805	0.420930	-0.327609	0.681731	-0.500732	-0.007779	0.007201	0.025625
SPCE_RB_0	2.153296	2.860705	-10.355937	-0.001688	0.005363	-0.005069	0.397139	0.573768	-0.221335	-0.681235	-0.017610	0.011186	0.009269
SPCE_RB_0	1.913678	14.043616	11.789125	-0.003445	0.001156	0.005152	0.353328	0.628125	-0.692947	0.021028	0.005976	0.001464	0.026193
SPCE_RB_0	-0.354610	2.582757	-1.190494	-0.002600	-0.002164	0.001187	0.268603	-0.205728	0.705503	0.622731	0.040185	0.017550	-0.016834
SPCE_RB_0	13.783482	2.345530	-1.309871	-0.000287	0.000431	0.004572	0.481297	-0.175802	-0.657139	-0.552825	-0.025590	-0.010064	-0.003696
SPCE_RB_0	-0.667044	6.087104	-6.741811	0.001458	-0.005848	-0.003554	0.555405	-0.257541	0.585336	0.531583	-0.005546	0.017354	-0.014259
SPCE_RB_0	-10.644545	7.106238	-2.910831	-0.008263	-0.005550	0.006520	0.519585	-0.157542	-0.317943	-0.777254	0.007315	-0.028107	0.031038
SPCE_RB_0	1.245722	-1.497040	-3.858386	0.003451	-0.001410	0.000826	0.941641	-0.194975	0.120370	0.246593	-0.013776	-0.006229	0.007833
SPCE_RB_0	-1.151391	1.060246	-4.084718	0.004714	-0.005841	0.007199	0.738325	0.458944	-0.364633	-0.333602	0.037022	0.003328	0.012419
SPCE_RB_0	3.766722	-5.447899	-17.845582	-0.001194	0.000797	0.001788	0.392900	0.758345	-0.431834	-0.289935	0.030756	-0.010527	-0.048162
SPCE_RB_0	4.027693	11.250981	0.077557	-0.000130	0.001822	0.001675	0.362370	-0.482014	0.406616	0.686305	-0.018825	-0.007548	0.033332
SPCE_RB_0	-26.169284	-8.388560	5.749272	-0.004648	-0.002180	-0.001245	0.248720	0.800387	-0.545401	0.007544	0.018921	-0.001941	-0.003468
SPCE_RB_0	0.136026	-10.055131	4.954210	-0.000976	-0.001557	-0.000092	0.086005	-0.596807	0.316500	-0.732292	0.027902	-0.015133	-0.009587
SPCE_RB_0	-8.990084	10.436906	4.746512	0.002814	-0.002205	0.001328	0.414379	0.498424	-0.398344	-0.648988	0.037853	-0.018050	-0.008959
SPCE_RB_0	-5.894540	5.478568	12.500072	0.006520	0.008376	-0.002427	0.658117	0.485309	0.565677	-0.106611	-0.032851	-0.001233	-0.029020
SPCE_RB_0	1.447329	-28.146209	-19.116185	-0.003467	0.001083	-0.001575	0.925248	-0.006368	-0.260886	-0.275345	0.036707	0.013436	-0.043513
SPCE_RB_0	-2.744356	2.164561	4.088192	0.001880	-0.002256	-0.004179	0.695601	0.515617	-0.342701	0.364465	0.027036	0.005927	0.004670
SPCE_RB_0	-10.985811	-0.863499	8.048800	0.003119	-0.001308	0.001108	0.021828	0.711252	0.130247	0.690420	0.019316	-0.002937	0.002616
SPCE_RB_0	-12.752788	-9.489217	9.708805	0.002294	-0.003804	0.005353	0.649963	-0.558581	-0.305651	-0.414865	-0.011515	-0.000097	-0.006731
SPCE_RB_0	16.966236	-8.734841	5.578896	0.004947	0.001603	0.008930	0.380668	-0.289636	0.246527	-0.842869	0.006504	0.010549	0.020942
SPCE_RB_0	-3.531973	-14.496807	-5.575385	-0.001394	0.002711	-0.000257	0.672540	0.137313	0.555036	-0.469861	-0.011678	-0.020110	-0.001952
SPCE_RB_0	8.736286	-10.694642	-8.521571	-0.006884	-0.012203	0.005142	0.393820	-0.722940	0.484421	0.295972	0.017143	0.004296	-0.001540
SPCE_RB_0	4.291226	-15.481743	9.813409	0.001336	0.000492	0.001033	0.032150	-0.543471	-0.820238	0.175542	0.051034	-0.015725	0.017200
SPCE_RB_0	7.335075	-4.888906	-7.740798	-0.003965	-0.001103	0.001291	0.626928	-0.665287	-0.167662	-0.369113	-0.063137	-0.008501	0.007186
SPCE_RB_0	6.924723	-1.308645	-2.015394	0.006465	-0.007624	-0.001516	0.528440	-0.188440	0.160896	-0.812006	-0.001941	-0.020813	-0.001461
SPCE_RB_0	20.478297	7.363085	3.584368	-0.002015	0.006106	-0.000050	0.665409	0.742833	-0.033542	0.065619	-0.030803	0.005506	-0.017786
SPCE_RB_0	2.694488	-10.899743	6.939573	0.002711	0.001317	-0.002424	0.359095	-0.062269	0.917764	0.157744	-0.025262	0.016419	-0.004142
SPCE_RB_0	-5.565272	1.456786	5.297975	-0.000528	0.007392	0.001246	0.123108	-0.439232	-0.394994	0.797433	-0.000510	0.002364	-0.015072
SPCE_RB_0	-12.130910	-9.216377	-0.547781	-0.004005	0.005457	0.002065	0.202190	0.086829	-0.923869	-0.313122	0.030271	-0.003014	0.005947
SPCE_RB_0	-1.970390	-4.802221	-0.568370	-0.000078	0.002553	-0.007632	0.387573	0.367847	-0.504776	-0.677995	0.032071	-0.007192	-0.002312
SPCE_RB_0	-15.279536	-2.231242	6.927962	-0.002003	0.005063	0.004463	0.178615	0.722169	-0.395447	0.538693	-0.006862	0.000303	0.005617
SPCE_RB_0	-12.513250	-6.395228	-4.052444	-0.005051	-0.000176	-0.001046	0.198357	-0.562387	0.626167	-0.502285	-0.039256	-0.010996	0.005948
SPCE_RB_0	1.863016	-1.321777	-6.797000	-0.000758	0.002621	0.001352	0.844396	0.444674	0.057310	0.293217	-0.026064	-0.010595	-0.005567
SPCE_RB_0	-3.863434	-0.915433	4.222823	0.006476	-0.003869	-0.002330	0.088626	-0.391981	0.454428	-0.794979	0.013943	0.018291	0.033756
SPCE_RB_0	-2.113139	-11.730069	14.096711	-0.006028	-0.003866	-0.004450	0.798293	-0.258945	-0.415183	-0.351140	-0.038612	0.005142	-0.023234
SPCE_RB_0	9.558695	-1.864250	-3.741172	-0.000850	0.001899	0.000460	0.022183	0.025611	0.758559	-0.650723	-0.003901	-0.015908	0.017125
SPCE_RB_0	2.071874	3.514243	-2.560971	-0.004374	0.004196	-0.000429	0.123779	0.721274	-0.427910	0.530411	0.012230	-0.014886	-0.009320
SPCE_RB_0	4.618327	-2.470231	-3.295462	-0.003946	-0.001368	-0.002092	0.851203	-0.014131	0.240411	-0.466321	0.016003	-0.008118	-0.018254
SPCE_RB_0	1.569525	-8.135450	-5.270305	0.004276	-0.003333	0.001605	0.058320	-0.499445	-0.196801	-0.841679	-0.012301	-0.029602	-0.001746
SPCE_RB_0	19.520032	9.456623	1.660448	0.000318	0.004069	0.003119	0.685472	0.670654	0.064173	-0.276105	-0.015154	0.012933	0.009642
SPCE_RB_0	9.677521	7.084890	7.880336	0.002024	-0.001744	0.000764	0.501695	-0.480946	0.552799	-0.459790	-0.006983	0.011636	-0.027510
SPCE_RB_0	12.680151	-1.844913	4.608386	-0.003946	-0.005217	0.004635	0.407332	0.699287	0.577915	-0.105318	-0.021882	0.006812	0.024458
SPCE_RB_0	8.085108	-12.569549	1.252410	-0.000395	-0.000157	-0.003391	0.915974	-0.250960	-0.153369	-0.272928	0.007305	-0.001277	-0.014446
SPCE_RB_0	-0.565321	-9.673118	-4.502483	-0.001751	0.005447	-0.000340	0.411593	-0.186237	0.552912	0.700139	0.006813	-0.003412	-0.014466
SPCE_RB_0	-4.353343	8.159898	3.182612	0.003387	-0.005874	0.003995	0.045231	-0.463955	0.784805	0.408388	0.022809	0.012700	0.008646
SPCE_RB_0	-1.216027	-0.202297	-0.674655	0.000764	0.006615	-0.003118	0.183124	-0.837417	0.236245	0.457588	-0.020410	-0.010137	0.007897
SPCE_RB_0	-16.358201	7.084517	14.223905	-0.004591	-0.000079	0.006736	0.834325	0.369038	-0.279923	0.298924	-0.007846	0.005892	-0.014281
SPCE_RB_0	-6.055147	-6.853983	8.002393	-0.001329	0.000562	-0.003525	0.026844	-0.157327	-0.704708	0.691313	0.006922	0.007088	-0.013161
SPCE_RB_0	-10.563309	-0.437209	-0.272858	0.006135	-0.005227	0.003782	0.276398	-0.550712	0.665305	0.421534	-0.017156	-0.010210	-0.001823
SPCE_RB_0	-9.525131	9.232506	-5.125508	-0.004582	-0.003729	-0.000882	0.184152	0.919591	-0.228210	0.261460	-0.019023	0.003975	-0.030958
SPCE_RB_0	1.712238	6.485283	1.151021	-0.000999	0.002827	0.000537	0.445431	0.862833	0.233865	0.049172	0.011018	-0.002913	-0.028876
SPCE_RB_0	-7.261504	-4.313513	8.090286	0.001480	0.001945	0.005118	0.615367	0.023120	0.765965	-0.184624	-0.015678	0.007411	0.013675
SPCE_RB_0	-3.536419	-8.992408	-5.510552	-0.001583	0.002073	0.004031	0.372873	0.377134	-0.481497	-0.697780	-0.016630	-0.025192	-0.000045
SPCE_RB_0	4.529909	9.313407	-1.850213	-0.001569	-0.000887	-0.001050	0.018139	0.142062	0.131551	-0.980910	-0.001793	0.000076	-0.042549
SPCE_RB_0	-6.556380	19.486813	12.140005	-0.000840	-0.007138	0.001747	0.426517	0.285259	-0.676183	0.528665	0.055364	-0.009558	0.014618
SPCE_RB_0	3.882292	8.842448	9.882219	-0.006249	-0.000068	0.005463	0.606817	0.744492	0.248269	-0.125963	-0.025659	0.008623	0.010212
SPCE_RB_0	8.001575	12.617875	5.939602	-0.001058	-0.000940	-0.001263	0.544449	-0.051282	-0.175509	0.818622	-0.006953	0.015801	0.017630
SPCE_RB_0	13.034830	6.595065	-1.888782	0.006260	0.001384	-0.003227	0.502306	0.431749	-0.640202	-0.389131	0.022012	0.003202	0.012435
SPCE_RB_0	5.268688	0.964876	11.556099	0.004746	0.002160	0.001985	0.776564	0.571509	-0.208950	-0.163297	-0.015254	-0.019514	0.001519
SPCE_RB_0	-11.471719	12.324674	-11.011785	0.001644	0.002247	-0.000910	0.572418	-0.089671	-0.261818	-0.771847	0.002246	-0.013509	-0.001266
SPCE_RB_0	-3.111700	-3.144486	-2.367958	-0.005411	-0.000508	-0.001391	0.478684	-0.187047	0.738887	0.435799	0.017690	0.006547	-0.041951
SPCE_RB_0	-10.895181	4.455983	10.299336	0.000441	0.006890	-0.001711	0.308258	-0.414524	0.183135	0.836426	-0.052677	0.008617	-0.013169
SPCE_RB_0	-8.656563	-2.479377	2.677452	0.001278	-0.003576	-0.004488	0.064211	-0.323489	0.876616	0.350394	0.027234	0.022959	0.021630
SPCE_RB_0	-7.533383	4.071375	2.239901	0.001926	-0.000567	-0.000201	0.540384	0.150556	0.777577	-0.284063	-0.025893	0.011096	0.012843
SPCE_RB_0	4.888117	13.060576	-2.824968	0.002724	0.003408	0.006728	0.071044	0.823634	-0.531445	0.184787	0.013583	-0.003275	-0.030550
SPCE_RB_0	-3.429360	1.738347	-2.058185	0.001054	0.003945	0.000037	0.711801	-0.415950	0.138208	0.548837	0.013303	0.021714	-0.018494
SPCE_RB_0	8.469453	11.635919	3.394594	0.003840	-0.004434	0.001677	0.541749	0.276997	-0.588773	-0.532097	0.039326	-0.013076	0.001817
SPCE_RB_0	-11.869294	10.407251	-5.009509	-0.002279	-0.003611	-0.006014	0.391696	-0.317064	0.859379	-0.086679	0.001562	0.005194	0.002706
SPCE_RB_0	14.774182	0.692075	2.176571	-0.002856	0.006288	0.001376	0.433591	0.543307	0.339187	0.633852	0.058937	-0.003137	0.016361
SPCE_RB_0	6.826760	1.448859	-3.950009	0.001565	-0.005339	0.003446	0.062257	0.399860	0.050430	0.913068	0.026141	-0.014689	-0.003249
SPCE_RB_0	0.719132	6.020968	5.963246	-0.000514	-0.006038	-0.003949	0.850680	-0.021930	-0.484739	-0.202212	-0.009042	0.001555	-0.032480
SPCE_RB_0	3.864086	10.830650	-4.120012	-0.000401	-0.004546	-0.004547	0.661922	0.626522	0.209161	0.354373	0.011600	-0.020216	0.016857
SPCE_RB_0	11.724361	15.620919	-6.025717	0.001168	0.006737	-0.008640	0.797768	-0.186008	-0.381720	0.428085	-0.027767	0.012207	0.025275
SPCE_RB_0	3.270749	14.566700	-1.044189	-0.001458	0.002882	0.002403	0.256146	0.643831	0.572813	-0.437899	-0.017495	0.020470	-0.024398
SPCE_RB_0	9.436669	3.399195	-1.687260	-0.007435	0.009009	-0.004750	0.327048	-0.514607	0.177628	-0.772442	0.016970	0.009569	0.014781
SPCE_RB_0	-0.967086	-22.730000	15.609623	-0.006291	-0.007305	0.002553	0.795113	0.063734	0.597880	-0.079194	0.023702	-0.012293	0.017430
SPCE_RB_0	-8.016193	-12.479626	9.874937	0.001445	-0.007447	-0.004977	0.283405	-0.475059	0.411618	-0.724273	-0.003320	-0.012288	0.001956
SPCE_RB_0	-7.981160	-2.495619	0.020731	-0.000042	0.000074	0.001312	0.235941	-0.906885	0.265776	0.226395	0.008779	-0.004657	0.024761
SPCE_RB_0	-10.110177	-7.607239	-2.960718	-0.000648	-0.008395	0.003777	0.860351	0.421528	0.285969	-0.018209	0.013060	-0.006175	0.012930
SPCE_RB_0	-8.301787	-16.287117	9.167355	0.002617	0.003271	0.004878	0.738640	-0.507245	-0.374066	-0.239142	0.025763	-0.001994	0.014538
SPCE_RB_0	3.362037	-20.302069	4.407210	0.000013	-0.001917	-0.001527	0.905390	0.417692	0.018858	0.073802	-0.011819	-0.012437	0.017873
SPCE_RB_0	9.098528	-4.181673	2.957603	0.008471	0.003169	-0.001355	0.856556	-0.325749	0.042515	-0.397986	0.016705	0.019563	0.013259
SPCE_RB_0	6.743206	-2.514002	1.310052	-0.005126	-0.002118	0.001823	0.249331	-0.390665	-0.540225	-0.702405	0.036915	-0.005087	-0.019872
SPCE_RB_0	-17.141207	-8.604016	-9.415810	0.002688	-0.002279	-0.000157	0.817265	0.441937	-0.256158	0.266744	-0.019108	-0.015036	-0.040526
SPCE_RB_0	5.005049	0.143352	14.271515	0.001882	0.000033	-0.001785	0.894355	0.061619	-0.010039	-0.442980	-0.005415	0.004239	-0.009013
SPCE_RB_0	-9.944619	-19.883971	2.444096	0.003034	0.000723	0.003206	0.354136	-0.602568	-0.636775	0.325602	-0.003326	-0.006770	-0.022869
SPCE_RB_0	0.728265	-9.341748	12.082343	-0.000619	-0.000596	0.001732	0.609993	-0.304385	-0.136853	0.718701	-0.006137	-0.009567	0.019049
SPCE_RB_0	-10.402707	-10.145453	1.323687	0.000436	0.002532	0.001465	0.677497	-0.682323	-0.003084	0.274634	-0.004575	0.006233	-0.022196
SPCE_RB_0	7.086967	-15.732326	1.835165	-0.000793	-0.004693	0.004301	0.311214	0.415530	-0.250654	-0.817100	-0.009548	-0.006341	-0.021282
SPCE_RB_0	14.706095	-2.754047	7.281132	-0.001716	-0.005443	-0.005805	0.211051	-0.898434	0.063465	-0.379797	-0.020108	0.002428	-0.013952
SPCE_RB_0	12.050508	-10.214486	16.604249	-0.001374	-0.002236	0.006437	0.435181	-0.335953	-0.554102	0.625079	-0.021843	-0.017264	0.016891
SPCE_RB_0	-4.833201	-9.937709	-3.208414	0.004118	0.001259	-0.003311	0.297193	0.658328	0.341742	-0.601243	0.022619	-0.023061	-0.010898
SPCE_RB_0	-19.000658	22.606575	6.620080	-0.000289	-0.003858	-0.004321	0.156259	-0.627604	0.669386	0.365539	0.019248	0.003062	0.012834
SPCE_RB_0	-20.456968	-3.807092	7.069493	-0.000935	-0.001205	0.008282	0.705099	-0.628524	-0.318851	0.078278	0.012413	-0.004205	0.002645
SPCE_RB_0	0.231505	-11.845830	8.076691	-0.005044	-0.006886	0.000877	0.755247	-0.383986	0.117745	-0.517970	-0.004200	0.003767	0.017193
SPCE_RB_0	4.174766	-11.918257	4.901571	0.001294	0.001076	-0.000101	0.025275	-0.474642	-0.755529	-0.450836	0.015820	0.008531	-0.013971
SPCE_RB_0	0.130724	-16.030642	11.835237	-0.002835	-0.003471	-0.000361	0.017384	-0.122687	0.841191	0.526349	0.023012	0.013801	0.010560
SPCE_RB_0	-1.301561	7.747320	-0.184944	-0.001249	-0.000883	-0.001964	0.494721	0.776926	0.389239	-0.011410	0.036968	0.001570	-0.000615
SPCE_RB_0	1.453887	-11.931170	12.456287	-0.002536	-0.000421	0.002857	0.044567	-0.370550	-0.338598	-0.863746	-0.004030	-0.002755	-0.015530
SPCE_RB_0	1.694473	-19.237616	10.613129	0.007012	-0.000468	-0.006545	0.050035	0.014891	-0.730526	0.680887	-0.020321	0.020757	0.012429
SPCE_RB_0	-3.683123	12.105155	-1.695661	0.001989	-0.002162	-0.001406	0.131938	0.897807	-0.360458	0.215883	-0.052887	-0.025447	-0.001336
SPCE_RB_0	10.419226	-14.829274	13.930864	0.002473	0.006554	-0.001159	0.183900	0.692350	-0.308090	-0.626029	-0.006643	0.004736	0.005419
SPCE_RB_0	-2.230655	-3.194761	9.440494	0.000961	0.003664	-0.005497	0.462336	-0.170600	-0.388490	-0.778599	-0.020144	0.010183	0.011038
SPCE_RB_0	20.222016	-5.257774	-3.536978	0.006190	0.007579	0.002018	0.537879	-0.244014	0.548493	-0.591860	-0.012140	-0.007905	0.000434
SPCE_RB_0	10.349214	0.716184	17.209221	0.004662	0.001990	-0.000956	0.006892	0.941671	-0.283177	0.181713	0.032981	0.003068	0.007220
SPCE_RB_0	15.167582	2.787295	15.070588	0.006355	0.004623	-0.002017	0.432041	0.297165	-0.509091	0.682539	-0.021807	-0.001704	0.007908
SPCE_RB_0	5.033665	0.754199	2.829007	-0.001345	0.002656	-0.007511	0.257912	-0.148287	0.144834	0.943671	-0.002857	-0.001406	0.032679
SPCE_RB_0	-1.330806	4.153047	5.807982	-0.002410	-0.000046	0.003197	0.635851	0.563212	-0.513208	-0.122892	0.009570	-0.011631	0.015042
SPCE_RB_0	-14.769663	11.005198	2.724182	0.003004	0.001584	-0.002677	0.103867	-0.177487	-0.976573	-0.063366	-0.002140	-0.026193	-0.022744
SPCE_RB_0	-14.325391	19.244456	0.412240	0.000809	-0.003496	0.001639	0.590347	-0.432091	-0.079145	0.677144	0.024428	0.011760	-0.005615
SPCE_RB_0	-7.080174	5.460135	15.354530	0.003819	0.001722	-0.000756	0.151704	0.644154	-0.737276	0.135928	0.035896	0.014850	-0.004739
SPCE_RB_0	-2.988882	2.050568	1.083706	-0.003301	0.002617	-0.003726	0.920037	-0.057577	0.310396	0.232102	-0.018761	0.014854	-0.004648
SPCE_RB_0	-7.191312	10.126075	13.056017	-0.001218	-0.002400	-0.000196	0.681834	0.192683	0.700638	0.084153	0.003146	-0.002755	-0.002354
SPCE_RB_0	-12.537710	-2.373661	6.033821	-0.003938	0.005536	-0.001277	0.831240	0.231928	0.481236	0.153827	-0.036903	-0.035644	0.005892
SPCE_RB_0	2.051456	-1.531535	8.247377	0.000309	-0.001502	-0.003977	0.474744	0.219896	0.710442	-0.470677	0.004614	0.002193	0.007377
SPCE_RB_0	-5.214726	4.433127	20.362289	0.000221	0.005789	-0.003395	0.228351	0.580133	0.370953	0.688255	0.039739	-0.004965	0.012570
SPCE_RB_0	-3.643846	-5.430684	14.522924	0.005304	0.006338	-0.006120	0.155830	0.622710	0.236900	0.729265	0.030497	-0.003906	-0.005166
SPCE_RB_0	2.565383	4.211270	2.383072	0.001650	-0.001162	-0.003224	0.139006	-0.178082	-0.563244	0.794809	-0.008674	0.013204	-0.044022
SPCE_RB_0	1.393635	-6.281361	2.584921	0.003720	-0.000302	0.003653	0.908830	0.041086	-0.322710	-0.261147	0.023387	0.000401	-0.008401
SPCE_RB_0	-0.522382	-15.055323	-4.162197	0.002905	-0.003171	0.001890	0.361744	0.030031	0.897113	-0.251849	-0.039851	-0.007130	-0.006592
SPCE_RB_0	-3.825374	-5.363356	6.549726	-0.000017	0.000407	0.000754	0.597035	0.259566	-0.155682	0.742925	-0.013544	-0.007915	-0.032122
SPCE_RB_0	3.492189	-5.469356	6.565153	-0.001041	0.006213	0.003118	0.240240	0.491749	-0.815401	0.188649	-0.023907	0.009253	-0.004451
SPCE_RB_0	-3.504484	9.190412	20.428199	-0.003884	0.003567	-0.003498	0.136658	-0.758157	-0.052652	-0.635413	0.056247	0.001693	0.003340
SPCE_RB_0	-6.097282	10.874992	9.915693	0.000814	0.002829	0.000578	0.634154	0.534610	-0.542624	0.132667	0.013110	0.009243	0.016459
SPCE_RB_0	-8.237320	14.824977	5.485972	0.007929	0.002472	0.000875	0.423722	-0.518020	0.400806	-0.625675	0.002351	0.005331	0.009882
SPCE_RB_0	-6.729188	1.619629	7.810835	-0.002541	-0.000735	-0.005876	0.263041	-0.554297	-0.237062	0.753237	0.003617	-0.002681	0.016839
SPCE_RB_0	-15.369673	18.118136	10.266745	0.001053	-0.000209	0.002422	0.588434	-0.319015	-0.536280	0.514177	-0.020800	0.006982	0.017105
SPCE_RB_0	-15.529222	-3.135978	3.423572	-0.002428	-0.004824	0.000332	0.563375	0.453963	0.688670	-0.047536	0.003290	-0.001958	-0.018163
SPCE_RB_0	-2.291634	7.736809	6.933175	0.002634	-0.001521	-0.004616	0.087676	-0.516073	-0.357013	-0.773643	0.031009	-0.007698	0.011746
SPCE_RB_0	-5.406844	4.242794	5.990839	-0.002697	-0.004403	-0.001155	0.175069	0.179869	0.963477	-0.093329	-0.029842	0.010204	-0.015035
SPCE_RB_0	-1.968774	-2.219566	1.882667	0.005932	0.005968	0.000467	0.165521	0.632520	0.744285	-0.136242	-0.017006	0.006791	0.017938
SPCE_RB_0	1.634188	1.355454	15.618683	0.000337	-0.003763	0.011779	0.113368	-0.623323	-0.771122	0.063143	-0.035018	-0.004340	0.010409
SPCE_RB_0	0.192244	20.097703	7.558978	0.000832	-0.007415	0.003821	0.018614	0.772174	0.251808	0.583089	-0.024942	-0.022804	0.009702
SPCE_RB_0	-1.370256	12.776138	-4.224692	-0.004397	0.000502	-0.008028	0.487593	0.235921	0.823530	0.168504	0.030905	-0.024510	-0.049045
SPCE_RB_0	-6.255774	10.693577	0.870652	-0.003032	-0.005173	-0.001757	0.046984	-0.854679	-0.373032	-0.357999	0.055057	-0.005101	0.008538
SPCE_RB_0	5.545318	10.536320	7.042571	0.000697	-0.000691	-0.008540	0.790151	0.557198	0.152703	0.204631	-0.013270	-0.014857	0.009868
SPCE_RB_0	-1.136887	0.393650	2.555630	0.004972	0.002242	-0.002191	0.140121	0.636329	-0.412026	0.636935	-0.015043	-0.008676	0.001772
SPCE_RB_0	22.358694	23.884098	5.359258	0.003119	0.003760	0.000921	0.465454	-0.689421	-0.315540	-0.456601	0.045597	-0.014807	0.031248
SPCE_RB_0	8.583312	4.261343	7.407898	0.000939	0.005715	-0.004780	0.331220	0.189382	0.481952	0.788765	0.025823	-0.010076	0.032493
