500
0.0000E+00;	2.8569e+01	0	0;	0	2.8569e+01	0;	0	0	2.8569e+01;
Ar  -1.4284e+01  -1.4284e+01  -1.4284e+01   0.0000e+00   0.0000e+00   0.0000e+00   1.8642e-01   3.2617e-01  -7.5490e-01   5.3758e-01   0.0000e+00   0.0000e+00   0.0000e+00
Ar  -1.4284e+01  -1.1427e+01  -1.1427e+01   0.0000e+00   0.0000e+00   0.0000e+00   3.2547e-01   2.8565e-01   5.7751e-02  -8.9952e-01   0.0000e+00   0.0000e+00   0.0000e+00
Ar  -1.1427e+01  -1.1427e+01  -1.4284e+01   0.0000e+00   0.0000e+00   0.0000e+00   2.1816e-01   3.7323e-01  -8.8572e-01   1.6915e-01   0.0000e+00   0.0000e+00   0.0000e+00
Ar  -1.1427e+01  -1.4284e+01  -1.1427e+01   0.0000e+00   0.0000e+00   0.0000e+00   5.1567e-01  -3.5948e-02  -7.3259e-01   4.4284e-01   0.0000e+00   0.0000e+00   0.0000e+00
Ar  -8.5706e+00  -1.4284e+01  -1.4284e+01   0.0000e+00   0.0000e+00   0.0000e+00   6.7902e-01   3.2298e-01   5.4187e-01   3.7549e-01   0.0000e+00   0.0000e+00   0.0000e+00
Ar  -8.5706e+00  -1.1427e+01  -1.1427e+01   0.0000e+00   0.0000e+00   0.0000e+00   3.1138e-01   6.0482e-02   1.7942e-01  -9.3123e-01   0.0000e+00   0.0000e+00   0.0000e+00
Ar  -5.7137e+00  -1.1427e+01  -1.4284e+01   0.0000e+00   0.0000e+00   0.0000e+00   5.8705e-01  -1.9016e-01   3.6583e-01  -6.9669e-01   0.0000e+00   0.0000e+00   0.0000e+00
Ar  -5.7137e+00  -1.4284e+01  -1.1427e+01   0.0000e+00   0.0000e+00   0.0000e+00   8.5092e-01  -4.2692e-01   3.0583e-01   1.1666e-02   0.0000e+00   0.0000e+00   0.0000e+00
Ar  -2.8569e+00  -1.4284e+01  -1.4284e+01   0.0000e+00   0.0000e+00   0.0000e+00   4.5454e-01  -4.2368e-02   4.1086e-01   7.8917e-01   0.0000e+00   0.0000e+00   0.0000e+00
Ar  -2.8569e+00  -1.1427e+01  -1.1427e+01   0.0000e+00   0.0000e+00   0.0000e+00   5.9538e-01   2.6957e-01  -2.4924e-01  -7.1465e-01   0.0000e+00   0.0000e+00   0.0000e+00
Ar   0.0000e+00  -1.1427e+01  -1.4284e+01   0.0000e+00   0.0000e+00   0.0000e+00   3.1043e-01   7.0610e-01  -6.2864e-01  -9.9353e-02   0.0000e+00   0.0000e+00   0.0000e+00
Ar   0.0000e+00  -1.4284e+01  -1.1427e+01   0.0000e+00   0.0000e+00   0.0000e+00   7.5081e-01   2.9006e-01  -3.2277e-01  -4.9796e-01   0.0000e+00   0.0000e+00   0.0000e+00
Ar   2.8569e+00  -1.4284e+01  -1.4284e+01   0.0000e+00   0.0000e+00   0.0000e+00   8.0678e-02  -5.0232e-01   5.3678e-01  -6.7307e-01   0.0000e+00   0.0000e+00   0.0000e+00
Ar   2.8569e+00  -1.1427e+01  -1.1427e+01   0.0000e+00   0.0000e+00   0.0000e+00   6.1127e-01   2.5815e-01   7.4017e-01  -1.0893e-01   0.0000e+00   0.0000e+00   0.0000e+00
Ar   5.7137e+00  -1.1427e+01  -1.4284e+01   0.0000e+00   0.0000e+00   0.0000e+00   3.9102e-01   6.9484e-02   9.1111e-01  -1.1027e-01   0.0000e+00   0.0000e+00   0.0000e+00
Ar   5.7137e+00  -1.4284e+01  -1.1427e+01   0.0000e+00   0.0000e+00   0.0000e+00   3.2226e-01   3.4267e-02   3.6160e-01   8.7420e-01   0.0000e+00   0.0000e+00   0.0000e+00
Ar   8.5706e+00  -1.4284e+01  -1.4284e+01   0.0000e+00   0.0000e+00   0.0000e+00   3.1737e-02   5.8046e-01   4.3622e-01  -6.8685e-01   0.0000e+00   0.0000e+00   0.0000e+00
Ar   8.5706e+00  -1.1427e+01  -1.1427e+01   0.0000e+00   0.0000e+00   0.0000e+00   6.0234e-01  -3.8036e-01  -5.9217e-01  -3.7662e-01   0.0000e+00   0.0000e+00   0.0000e+00
Ar   1.1427e+01  -1.1427e+01  -1.4284e+01   0.0000e+00   0.0000e+00   0.0000e+00   5.9729e-01  -4.6560e-01   4.7079e-02   6.5134e-01   0.0000e+00   0.0000e+00   0.0000e+00
Ar   1.1427e+01  -1.4284e+01  -1.1427e+01   0.0000e+00   0.0000e+00   0.0000e+00   9.6585e-01  -1.9399e-01   2.6954e-02   1.6962e-01   0.0000e+00   0.0000e+00   0.0000e+00
Ar  -1.4284e+01  -8.5706e+00  -1.4284e+01   0.0000e+00   0.0000e+00   0.0000e+00   8.9338e-01   3.6636e-01  -2.5855e-01  -2.8317e-02   0.0000e+00   0.0000e+00   0.0000e+00
Ar  -1.4284e+01  -5.7137e+00  -1.1427e+01   0.0000e+00   0.0000e+00   0.0000e+00   8.5718e-02   8.3050e-01  -5.4966e-01  -2.8155e-02   0.0000e+00   0.0000e+00   0.0000e+00
Ar  -1.1427e+01  -5.7137e+00  -1.4284e+01   0.0000e+00   0.0000e+00   0.0000e+00   9.6825e-01   2.2395e-01  -3.5919e-02   1.0513e-01   0.0000e+00   0.0000e+00   0.0000e+00
Ar  -1.1427e+01  -8.5706e+00  -1.1427e+01   0.0000e+00   0.0000e+00   0.0000e+00   2.6293e-01   6.1139e-01  -5.7179e-01   4.7971e-01   0.0000e+00   0.0000e+00   0.0000e+00
Ar  -8.5706e+00  -8.5706e+00  -1.4284e+01   0.0000e+00   0.0000e+00   0.0000e+00   3.4165e-01   4.4255e-01   8.0697e-01   1.9034e-01   0.0000e+00   0.0000e+00   0.0000e+00
Ar  -8.5706e+00  -5.7137e+00  -1.1427e+01   0.0000e+00   0.0000e+00   0.0000e+00   1.5382e-02   1.1161e-01  -7.9698e-01   5.9341e-01   0.0000e+00   0.0000e+00   0.0000e+00
Ar  -5.7137e+00  -5.7137e+00  -1.4284e+01   0.0000e+00   0.0000e+00   0.0000e+00   2.3984e-02   3.0018e-01   2.7957e-01  -9.1168e-01   0.0000e+00   0.0000e+00   0.0000e+00
Ar  -5.7137e+00  -8.5706e+00  -1.1427e+01   0.0000e+00   0.0000e+00   0.0000e+00   5.2456e-01  -5.9320e-01  -5.6891e-01  -2.2205e-01   0.0000e+00   0.0000e+00   0.0000e+00
Ar  -2.8569e+00  -8.5706e+00  -1.4284e+01   0.0000e+00   0.0000e+00   0.0000e+00   1.2021e-01   3.2263e-02   8.7751e-01  -4.6312e-01   0.0000e+00   0.0000e+00   0.0000e+00
Ar  -2.8569e+00  -5.7137e+00  -1.1427e+01   0.0000e+00   0.0000e+00   0.0000e+00   4.6113e-01  -4.2866e-01   1.1594e-01   7.6822e-01   0.0000e+00   0.0000e+00   0.0000e+00
Ar   0.0000e+00  -5.7137e+00  -1.4284e+01   0.0000e+00   0.0000e+00   0.0000e+00   6.0684e-01  -1.2788e-02  -6.0276e-01   5.1794e-01   0.0000e+00   0.0000e+00   0.0000e+00
Ar   0.0000e+00  -8.5706e+00  -1.1427e+01   0.0000e+00   0.0000e+00   0.0000e+00   4.7432e-01  -7.3928e-01   2.1245e-01   4.2819e-01   0.0000e+00   0.0000e+00   0.0000e+00
Ar   2.8569e+00  -8.5706e+00  -1.4284e+01   0.0000e+00   0.0000e+00   0.0000e+00   3.3188e-02  -6.2816e-01   7.4192e-01   2.3209e-01   0.0000e+00   0.0000e+00   0.0000e+00
Ar   2.8569e+00  -5.7137e+00  -1.1427e+01   0.0000e+00   0.0000e+00   0.0000e+00   3.0506e-01   3.7664e-02   9.5046e-01  -4.6321e-02   0.0000e+00   0.0000e+00   0.0000e+00
Ar   5.7137e+00  -5.7137e+00  -1.4284e+01   0.0000e+00   0.0000e+00   0.0000e+00   1.4658e-01   7.6369e-01  -4.1730e-01   4.7027e-01   0.0000e+00   0.0000e+00   0.0000e+00
Ar   5.7137e+00  -8.5706e+00  -1.1427e+01   0.0000e+00   0.0000e+00   0.0000e+00   3.8919e-01  -5.4902e-02   7.0652e-01   5.8851e-01   0.0000e+00   0.0000e+00   0.0000e+00
Ar   8.5706e+00  -8.5706e+00  -1.4284e+01   0.0000e+00   0.0000e+00   0.0000e+00   9.3630e-02   6.7804e-01   5.4191e-01   4.8767e-01   0.0000e+00   0.0000e+00   0.0000e+00
Ar   8.5706e+00  -5.7137e+00  -1.1427e+01   0.0000e+00   0.0000e+00   0.0000e+00   5.3340e-01   7.5448e-01   2.1730e-01  -3.1468e-01   0.0000e+00   0.0000e+00   0.0000e+00
Ar   1.1427e+01  -5.7137e+00  -1.4284e+01   0.0000e+00   0.0000e+00   0.0000e+00   7.8525e-01  -4.0418e-01  -1.1611e-01   4.5446e-01   0.0000e+00   0.0000e+00   0.0000e+00
Ar   1.1427e+01  -8.5706e+00  -1.1427e+01   0.0000e+00   0.0000e+00   0.0000e+00   3.1618e-02   9.2310e-01  -2.4118e-01  -2.9784e-01   0.0000e+00   0.0000e+00   0.0000e+00
Ar  -1.4284e+01  -2.8569e+00  -1.4284e+01   0.0000e+00   0.0000e+00   0.0000e+00   2.3157e-01  -1.5539e-01  -9.1147e-01   3.0240e-01   0.0000e+00   0.0000e+00   0.0000e+00
Ar  -1.4284e+01   0.0000e+00  -1.1427e+01   0.0000e+00   0.0000e+00   0.0000e+00   7.2659e-01   6.3789e-01   1.7250e-01   1.8815e-01   0.0000e+00   0.0000e+00   0.0000e+00
Ar  -1.1427e+01   0.0000e+00  -1.4284e+01   0.0000e+00   0.0000e+00   0.0000e+00   1.9502e-01   6.1879e-01  -5.4351e-01   5.3260e-01   0.0000e+00   0.0000e+00   0.0000e+00
Ar  -1.1427e+01  -2.8569e+00  -1.1427e+01   0.0000e+00   0.0000e+00   0.0000e+00   7.1959e-02  -1.6244e-01   5.1422e-01   8.3906e-01   0.0000e+00   0.0000e+00   0.0000e+00
Ar  -8.5706e+00  -2.8569e+00  -1.4284e+01   0.0000e+00   0.0000e+00   0.0000e+00   4.8878e-01   3.9920e-01  -4.5475e-01   6.2844e-01   0.0000e+00   0.0000e+00   0.0000e+00
Ar  -8.5706e+00   0.0000e+00  -1.1427e+01   0.0000e+00   0.0000e+00   0.0000e+00   2.5750e-01   8.0551e-01  -4.1457e-01   3.3614e-01   0.0000e+00   0.0000e+00   0.0000e+00
Ar  -5.7137e+00   0.0000e+00  -1.4284e+01   0.0000e+00   0.0000e+00   0.0000e+00   3.8391e-01   1.3730e-01  -8.8232e-01   2.3509e-01   0.0000e+00   0.0000e+00   0.0000e+00
Ar  -5.7137e+00  -2.8569e+00  -1.1427e+01   0.0000e+00   0.0000e+00   0.0000e+00   5.9684e-01  -5.1067e-01  -5.7037e-01   2.4017e-01   0.0000e+00   0.0000e+00   0.0000e+00
Ar  -2.8569e+00  -2.8569e+00  -1.4284e+01   0.0000e+00   0.0000e+00   0.0000e+00   1.2510e-01   2.0970e-01   9.4622e-01  -2.1225e-01   0.0000e+00   0.0000e+00   0.0000e+00
Ar  -2.8569e+00   0.0000e+00  -1.1427e+01   0.0000e+00   0.0000e+00   0.0000e+00   6.6775e-01   9.5096e-03  -7.0705e-01  -2.3260e-01   0.0000e+00   0.0000e+00   0.0000e+00
Ar   0.0000e+00   0.0000e+00  -1.4284e+01   0.0000e+00   0.0000e+00   0.0000e+00   3.6019e-01   2.2912e-01  -7.9084e-01  -4.3857e-01   0.0000e+00   0.0000e+00   0.0000e+00
Ar   0.0000e+00  -2.8569e+00  -1.1427e+01   0.0000e+00   0.0000e+00   0.0000e+00   1.4208e-01   8.2918e-01  -4.0121e-01  -3.6236e-01   0.0000e+00   0.0000e+00   0.0000e+00
Ar   2.8569e+00  -2.8569e+00  -1.4284e+01   0.0000e+00   0.0000e+00   0.0000e+00   8.0368e-01   2.0091e-01  -4.5398e-01   3.2808e-01   0.0000e+00   0.0000e+00   0.0000e+00
Ar   2.8569e+00   0.0000e+00  -1.1427e+01   0.0000e+00   0.0000e+00   0.0000e+00   3.3690e-01   6.0898e-01  -4.7750e-01  -5.3631e-01   0.0000e+00   0.0000e+00   0.0000e+00
Ar   5.7137e+00   0.0000e+00  -1.4284e+01   0.0000e+00   0.0000e+00   0.0000e+00   4.3118e-01  -3.8962e-01  -6.9344e-01  -4.2594e-01   0.0000e+00   0.0000e+00   0.0000e+00
Ar   5.7137e+00  -2.8569e+00  -1.1427e+01   0.0000e+00   0.0000e+00   0.0000e+00   7.3650e-01   1.1707e-02  -4.4501e-01  -5.0931e-01   0.0000e+00   0.0000e+00   0.0000e+00
Ar   8.5706e+00  -2.8569e+00  -1.4284e+01   0.0000e+00   0.0000e+00   0.0000e+00   6.6255e-01  -7.4489e-01  -4.8483e-02  -6.1766e-02   0.0000e+00   0.0000e+00   0.0000e+00
Ar   8.5706e+00   0.0000e+00  -1.1427e+01   0.0000e+00   0.0000e+00   0.0000e+00   8.3473e-01   1.7172e-01  -4.8855e-02  -5.2091e-01   0.0000e+00   0.0000e+00   0.0000e+00
Ar   1.1427e+01   0.0000e+00  -1.4284e+01   0.0000e+00   0.0000e+00   0.0000e+00   3.9899e-01   4.9970e-01   5.1372e-01  -5.7201e-01   0.0000e+00   0.0000e+00   0.0000e+00
Ar   1.1427e+01  -2.8569e+00  -1.1427e+01   0.0000e+00   0.0000e+00   0.0000e+00   6.1545e-04   4.0582e-01   7.0687e-01  -5.7935e-01   0.0000e+00   0.0000e+00   0.0000e+00
Ar  -1.4284e+01   2.8569e+00  -1.4284e+01   0.0000e+00   0.0000e+00   0.0000e+00   2.4225e-01  -9.5334e-01   5.0140e-02  -1.7306e-01   0.0000e+00   0.0000e+00   0.0000e+00
Ar  -1.4284e+01   5.7137e+00  -1.1427e+01   0.0000e+00   0.0000e+00   0.0000e+00   8.9499e-01   3.3896e-01   2.2558e-01   1.8226e-01   0.0000e+00   0.0000e+00   0.0000e+00
Ar  -1.1427e+01   5.7137e+00  -1.4284e+01   0.0000e+00   0.0000e+00   0.0000e+00   8.5106e-01  -7.8462e-02   4.2169e-01  -3.0284e-01   0.0000e+00   0.0000e+00   0.0000e+00
Ar  -1.1427e+01   2.8569e+00  -1.1427e+01   0.0000e+00   0.0000e+00   0.0000e+00   1.5666e-01  -4.4266e-01  -8.1135e-02  -8.7916e-01   0.0000e+00   0.0000e+00   0.0000e+00
Ar  -8.5706e+00   2.8569e+00  -1.4284e+01   0.0000e+00   0.0000e+00   0.0000e+00   8.2459e-01   1.3985e-01  -5.2828e-01  -1.4637e-01   0.0000e+00   0.0000e+00   0.0000e+00
Ar  -8.5706e+00   5.7137e+00  -1.1427e+01   0.0000e+00   0.0000e+00   0.0000e+00   9.7253e-01   9.9401e-02  -1.6827e-01  -1.2641e-01   0.0000e+00   0.0000e+00   0.0000e+00
Ar  -5.7137e+00   5.7137e+00  -1.4284e+01   0.0000e+00   0.0000e+00   0.0000e+00   3.9470e-01  -6.9448e-01   5.8830e-01   1.2577e-01   0.0000e+00   0.0000e+00   0.0000e+00
Ar  -5.7137e+00   2.8569e+00  -1.1427e+01   0.0000e+00   0.0000e+00   0.0000e+00   3.6564e-02  -3.2364e-01   6.8867e-01   6.4781e-01   0.0000e+00   0.0000e+00   0.0000e+00
Ar  -2.8569e+00   2.8569e+00  -1.4284e+01   0.0000e+00   0.0000e+00   0.0000e+00   8.0689e-01   4.4165e-01   2.5170e-02   3.9146e-01   0.0000e+00   0.0000e+00   0.0000e+00
Ar  -2.8569e+00   5.7137e+00  -1.1427e+01   0.0000e+00   0.0000e+00   0.0000e+00   4.7540e-01  -2.8317e-01   5.3953e-01  -6.3460e-01   0.0000e+00   0.0000e+00   0.0000e+00
Ar   0.0000e+00   5.7137e+00  -1.4284e+01   0.0000e+00   0.0000e+00   0.0000e+00   7.5127e-01  -4.5108e-02   1.7390e-01  -6.3507e-01   0.0000e+00   0.0000e+00   0.0000e+00
Ar   0.0000e+00   2.8569e+00  -1.1427e+01   0.0000e+00   0.0000e+00   0.0000e+00   8.1667e-01   4.2819e-01  -1.4071e-01  -3.6044e-01   0.0000e+00   0.0000e+00   0.0000e+00
Ar   2.8569e+00   2.8569e+00  -1.4284e+01   0.0000e+00   0.0000e+00   0.0000e+00   1.7336e-01   7.2916e-01  -6.1905e-01  -2.3464e-01   0.0000e+00   0.0000e+00   0.0000e+00
Ar   2.8569e+00   5.7137e+00  -1.1427e+01   0.0000e+00   0.0000e+00   0.0000e+00   7.4771e-01   4.7420e-01   3.0170e-01   3.5360e-01   0.0000e+00   0.0000e+00   0.0000e+00
Ar   5.7137e+00   5.7137e+00  -1.4284e+01   0.0000e+00   0.0000e+00   0.0000e+00   1.6602e-02   4.3508e-02   3.0676e-01   9.5065e-01   0.0000e+00   0.0000e+00   0.0000e+00
Ar   5.7137e+00   2.8569e+00  -1.1427e+01   0.0000e+00   0.0000e+00   0.0000e+00   2.4915e-01   8.7690e-01   2.7711e-01  -3.0360e-01   0.0000e+00   0.0000e+00   0.0000e+00
Ar   8.5706e+00   2.8569e+00  -1.4284e+01   0.0000e+00   0.0000e+00   0.0000e+00   7.3698e-01   3.3256e-01  -4.0913e-01   4.2295e-01   0.0000e+00   0.0000e+00   0.0000e+00
Ar   8.5706e+00   5.7137e+00  -1.1427e+01   0.0000e+00   0.0000e+00   0.0000e+00   9.7281e-01  -1.3906e-01  -1.2628e-01   1.3548e-01   0.0000e+00   0.0000e+00   0.0000e+00
Ar   1.1427e+01   5.7137e+00  -1.4284e+01   0.0000e+00   0.0000e+00   0.0000e+00   7.1663e-01  -6.7209e-02  -6.9362e-01  -2.8509e-02   0.0000e+00   0.0000e+00   0.0000e+00
Ar   1.1427e+01   2.8569e+00  -1.1427e+01   0.0000e+00   0.0000e+00   0.0000e+00   3.0548e-01   7.0178e-02  -8.0728e-01  -5.0005e-01   0.0000e+00   0.0000e+00   0.0000e+00
Ar  -1.4284e+01   8.5706e+00  -1.4284e+01   0.0000e+00   0.0000e+00   0.0000e+00   5.4430e-01   5.8818e-01   5.9802e-01   1.2234e-02   0.0000e+00   0.0000e+00   0.0000e+00
Ar  -1.4284e+01   1.1427e+01  -1.1427e+01   0.0000e+00   0.0000e+00   0.0000e+00   8.0701e-01  -5.4792e-01   2.4609e-02   2.1889e-01   0.0000e+00   0.0000e+00   0.0000e+00
Ar  -1.1427e+01   1.1427e+01  -1.4284e+01   0.0000e+00   0.0000e+00   0.0000e+00   2.1084e-02   7.4010e-01   1.1111e-01   6.6292e-01   0.0000e+00   0.0000e+00   0.0000e+00
Ar  -1.1427e+01   8.5706e+00  -1.1427e+01   0.0000e+00   0.0000e+00   0.0000e+00   1.2005e-01   1.0515e-01   9.8659e-01  -3.4222e-02   0.0000e+00   0.0000e+00   0.0000e+00
Ar  -8.5706e+00   8.5706e+00  -1.4284e+01   0.0000e+00   0.0000e+00   0.0000e+00   1.1464e-01   5.9244e-01   3.0470e-01  -7.3691e-01   0.0000e+00   0.0000e+00   0.0000e+00
Ar  -8.5706e+00   1.1427e+01  -1.1427e+01   0.0000e+00   0.0000e+00   0.0000e+00   6.0115e-01  -2.9448e-01   6.4881e-01   3.6187e-01   0.0000e+00   0.0000e+00   0.0000e+00
Ar  -5.7137e+00   1.1427e+01  -1.4284e+01   0.0000e+00   0.0000e+00   0.0000e+00   4.6243e-01   2.4369e-01  -3.5581e-01   7.7471e-01   0.0000e+00   0.0000e+00   0.0000e+00
Ar  -5.7137e+00   8.5706e+00  -1.1427e+01   0.0000e+00   0.0000e+00   0.0000e+00   4.3805e-01   1.2615e-02  -7.5378e-01   4.8967e-01   0.0000e+00   0.0000e+00   0.0000e+00
Ar  -2.8569e+00   8.5706e+00  -1.4284e+01   0.0000e+00   0.0000e+00   0.0000e+00   4.8752e-01   3.0982e-01  -8.0320e-01   1.4562e-01   0.0000e+00   0.0000e+00   0.0000e+00
Ar  -2.8569e+00   1.1427e+01  -1.1427e+01   0.0000e+00   0.0000e+00   0.0000e+00   9.1665e-01  -8.2244e-02  -3.9006e-01   2.9073e-02   0.0000e+00   0.0000e+00   0.0000e+00
Ar   0.0000e+00   1.1427e+01  -1.4284e+01   0.0000e+00   0.0000e+00   0.0000e+00   5.6004e-01   4.0704e-01   3.8833e-01  -6.0817e-01   0.0000e+00   0.0000e+00   0.0000e+00
Ar   0.0000e+00   8.5706e+00  -1.1427e+01   0.0000e+00   0.0000e+00   0.0000e+00   9.5990e-02  -8.2073e-01   4.8247e-01   2.9054e-01   0.0000e+00   0.0000e+00   0.0000e+00
Ar   2.8569e+00   8.5706e+00  -1.4284e+01   0.0000e+00   0.0000e+00   0.0000e+00   8.2158e-01   5.6809e-01   4.0836e-02  -2.4888e-02   0.0000e+00   0.0000e+00   0.0000e+00
Ar   2.8569e+00   1.1427e+01  -1.1427e+01   0.0000e+00   0.0000e+00   0.0000e+00   7.8727e-01  -2.2336e-01   8.6243e-02   5.6822e-01   0.0000e+00   0.0000e+00   0.0000e+00
Ar   5.7137e+00   1.1427e+01  -1.4284e+01   0.0000e+00   0.0000e+00   0.0000e+00   2.7472e-01   5.6267e-01   7.2882e-01  -2.7704e-01   0.0000e+00   0.0000e+00   0.0000e+00
Ar   5.7137e+00   8.5706e+00  -1.1427e+01   0.0000e+00   0.0000e+00   0.0000e+00   7.6221e-01  -1.5296e-01  -9.0520e-02   6.2245e-01   0.0000e+00   0.0000e+00   0.0000e+00
Ar   8.5706e+00   8.5706e+00  -1.4284e+01   0.0000e+00   0.0000e+00   0.0000e+00   1.3746e-01   6.2068e-01  -6.6519e-01  -3.9163e-01   0.0000e+00   0.0000e+00   0.0000e+00
Ar   8.5706e+00   1.1427e+01  -1.1427e+01   0.0000e+00   0.0000e+00   0.0000e+00   2.1721e-01  -4.1561e-01  -3.4129e-01  -8.1462e-01   0.0000e+00   0.0000e+00   0.0000e+00
Ar   1.1427e+01   1.1427e+01  -1.4284e+01   0.0000e+00   0.0000e+00   0.0000e+00   7.7561e-01  -5.8403e-01   4.5511e-02  -2.3511e-01   0.0000e+00   0.0000e+00   0.0000e+00
Ar   1.1427e+01   8.5706e+00  -1.1427e+01   0.0000e+00   0.0000e+00   0.0000e+00   4.8238e-01  -7.8329e-01   7.5212e-02   3.8486e-01   0.0000e+00   0.0000e+00   0.0000e+00
Ar  -1.4284e+01  -1.4284e+01  -8.5706e+00   0.0000e+00   0.0000e+00   0.0000e+00   7.9609e-01  -2.7805e-01   3.2135e-01   4.3088e-01   0.0000e+00   0.0000e+00   0.0000e+00
Ar  -1.4284e+01  -1.1427e+01  -5.7137e+00   0.0000e+00   0.0000e+00   0.0000e+00   7.2693e-01   8.2855e-02   4.2514e-01  -5.3289e-01   0.0000e+00   0.0000e+00   0.0000e+00
Ar  -1.1427e+01  -1.1427e+01  -8.5706e+00   0.0000e+00   0.0000e+00   0.0000e+00   3.7545e-01  -3.4890e-01   5.3102e-01   6.7478e-01   0.0000e+00   0.0000e+00   0.0000e+00
Ar  -1.1427e+01  -1.4284e+01  -5.7137e+00   0.0000e+00   0.0000e+00   0.0000e+00   1.2851e-01   3.2493e-01   9.2993e-01  -1.1463e-01   0.0000e+00   0.0000e+00   0.0000e+00
Ar  -8.5706e+00  -1.4284e+01  -8.5706e+00   0.0000e+00   0.0000e+00   0.0000e+00   3.8054e-01   7.9500e-01  -3.0081e-01   3.6425e-01   0.0000e+00   0.0000e+00   0.0000e+00
Ar  -8.5706e+00  -1.1427e+01  -5.7137e+00   0.0000e+00   0.0000e+00   0.0000e+00   7.7721e-02   4.8630e-01  -4.2252e-01  -7.6089e-01   0.0000e+00   0.0000e+00   0.0000e+00
Ar  -5.7137e+00  -1.1427e+01  -8.5706e+00   0.0000e+00   0.0000e+00   0.0000e+00   7.2754e-01   4.2338e-01  -5.2216e-01  -1.3704e-01   0.0000e+00   0.0000e+00   0.0000e+00
Ar  -5.7137e+00  -1.4284e+01  -5.7137e+00   0.0000e+00   0.0000e+00   0.0000e+00   5.3613e-02   3.1494e-01  -9.4756e-01   8.9188e-03   0.0000e+00   0.0000e+00   0.0000e+00
Ar  -2.8569e+00  -1.4284e+01  -8.5706e+00   0.0000e+00   0.0000e+00   0.0000e+00   7.9979e-02   3.4547e-01   6.5311e-01  -6.6910e-01   0.0000e+00   0.0000e+00   0.0000e+00
Ar  -2.8569e+00  -1.1427e+01  -5.7137e+00   0.0000e+00   0.0000e+00   0.0000e+00   2.1013e-01  -7.6776e-01   1.2878e-01   5.9145e-01   0.0000e+00   0.0000e+00   0.0000e+00
Ar   0.0000e+00  -1.1427e+01  -8.5706e+00   0.0000e+00   0.0000e+00   0.0000e+00   4.2807e-01   4.7324e-01  -7.6377e-01   9.7223e-02   0.0000e+00   0.0000e+00   0.0000e+00
Ar   0.0000e+00  -1.4284e+01  -5.7137e+00   0.0000e+00   0.0000e+00   0.0000e+00   6.1386e-01  -5.7238e-01  -3.1712e-01  -4.4159e-01   0.0000e+00   0.0000e+00   0.0000e+00
Ar   2.8569e+00  -1.4284e+01  -8.5706e+00   0.0000e+00   0.0000e+00   0.0000e+00   2.1100e-01  -9.4256e-01  -7.6729e-02  -2.4732e-01   0.0000e+00   0.0000e+00   0.0000e+00
Ar   2.8569e+00  -1.1427e+01  -5.7137e+00   0.0000e+00   0.0000e+00   0.0000e+00   5.5302e-02  -6.1925e-01  -1.8095e-01   7.6205e-01   0.0000e+00   0.0000e+00   0.0000e+00
Ar   5.7137e+00  -1.1427e+01  -8.5706e+00   0.0000e+00   0.0000e+00   0.0000e+00   4.0381e-01  -5.5487e-01   7.0656e-01   1.7273e-01   0.0000e+00   0.0000e+00   0.0000e+00
Ar   5.7137e+00  -1.4284e+01  -5.7137e+00   0.0000e+00   0.0000e+00   0.0000e+00   3.1399e-02  -7.6779e-01   6.3952e-01   2.3209e-02   0.0000e+00   0.0000e+00   0.0000e+00
Ar   8.5706e+00  -1.4284e+01  -8.5706e+00   0.0000e+00   0.0000e+00   0.0000e+00   6.3749e-01   4.7429e-01  -4.5957e-01  -3.9680e-01   0.0000e+00   0.0000e+00   0.0000e+00
Ar   8.5706e+00  -1.1427e+01  -5.7137e+00   0.0000e+00   0.0000e+00   0.0000e+00   5.8252e-02  -4.7061e-01   5.2734e-01  -7.0501e-01   0.0000e+00   0.0000e+00   0.0000e+00
Ar   1.1427e+01  -1.1427e+01  -8.5706e+00   0.0000e+00   0.0000e+00   0.0000e+00   3.3012e-01   7.1778e-01   9.3349e-02   6.0589e-01   0.0000e+00   0.0000e+00   0.0000e+00
Ar   1.1427e+01  -1.4284e+01  -5.7137e+00   0.0000e+00   0.0000e+00   0.0000e+00   8.3889e-01  -2.7051e-01  -4.1835e-01  -2.1925e-01   0.0000e+00   0.0000e+00   0.0000e+00
Ar  -1.4284e+01  -8.5706e+00  -8.5706e+00   0.0000e+00   0.0000e+00   0.0000e+00   2.7428e-01   9.4378e-01   1.6518e-01   8.2272e-02   0.0000e+00   0.0000e+00   0.0000e+00
Ar  -1.4284e+01  -5.7137e+00  -5.7137e+00   0.0000e+00   0.0000e+00   0.0000e+00   8.7013e-03  -3.9175e-02   8.9211e-01  -4.5003e-01   0.0000e+00   0.0000e+00   0.0000e+00
Ar  -1.1427e+01  -5.7137e+00  -8.5706e+00   0.0000e+00   0.0000e+00   0.0000e+00   1.9621e-01  -6.4884e-02  -4.8485e-01  -8.4983e-01   0.0000e+00   0.0000e+00   0.0000e+00
Ar  -1.1427e+01  -8.5706e+00  -5.7137e+00   0.0000e+00   0.0000e+00   0.0000e+00   8.8436e-01  -2.9186e-01   1.5096e-01   3.3158e-01   0.0000e+00   0.0000e+00   0.0000e+00
Ar  -8.5706e+00  -8.5706e+00  -8.5706e+00   0.0000e+00   0.0000e+00   0.0000e+00   3.5146e-01   1.6808e-01  -8.9504e-01  -2.1709e-01   0.0000e+00   0.0000e+00   0.0000e+00
Ar  -8.5706e+00  -5.7137e+00  -5.7137e+00   0.0000e+00   0.0000e+00   0.0000e+00   6.4732e-01   1.3880e-02   7.1573e-01   2.6174e-01   0.0000e+00   0.0000e+00   0.0000e+00
Ar  -5.7137e+00  -5.7137e+00  -8.5706e+00   0.0000e+00   0.0000e+00   0.0000e+00   2.6384e-01   8.0718e-01  -4.7696e-01   2.2663e-01   0.0000e+00   0.0000e+00   0.0000e+00
Ar  -5.7137e+00  -8.5706e+00  -5.7137e+00   0.0000e+00   0.0000e+00   0.0000e+00   5.2674e-01  -8.0399e-01   2.7383e-01   3.4110e-02   0.0000e+00   0.0000e+00   0.0000e+00
Ar  -2.8569e+00  -8.5706e+00  -8.5706e+00   0.0000e+00   0.0000e+00   0.0000e+00   1.2340e-01  -4.2505e-01  -8.8051e-01   1.6971e-01   0.0000e+00   0.0000e+00   0.0000e+00
Ar  -2.8569e+00  -5.7137e+00  -5.7137e+00   0.0000e+00   0.0000e+00   0.0000e+00   6.8721e-01   1.3458e-01   4.7330e-01   5.3443e-01   0.0000e+00   0.0000e+00   0.0000e+00
Ar   0.0000e+00  -5.7137e+00  -8.5706e+00   0.0000e+00   0.0000e+00   0.0000e+00   6.8345e-01  -3.4104e-01   6.4467e-01   3.1410e-02   0.0000e+00   0.0000e+00   0.0000e+00
Ar   0.0000e+00  -8.5706e+00  -5.7137e+00   0.0000e+00   0.0000e+00   0.0000e+00   7.6687e-02  -7.2370e-01   5.6431e-01   3.8977e-01   0.0000e+00   0.0000e+00   0.0000e+00
Ar   2.8569e+00  -8.5706e+00  -8.5706e+00   0.0000e+00   0.0000e+00   0.0000e+00   6.8704e-02   6.3935e-01   3.1295e-01   6.9898e-01   0.0000e+00   0.0000e+00   0.0000e+00
Ar   2.8569e+00  -5.7137e+00  -5.7137e+00   0.0000e+00   0.0000e+00   0.0000e+00   6.1265e-01   4.9533e-01  -6.0528e-01   1.1380e-01   0.0000e+00   0.0000e+00   0.0000e+00
Ar   5.7137e+00  -5.7137e+00  -8.5706e+00   0.0000e+00   0.0000e+00   0.0000e+00   2.5648e-01  -9.6528e-01   2.2621e-02  -4.4127e-02   0.0000e+00   0.0000e+00   0.0000e+00
Ar   5.7137e+00  -8.5706e+00  -5.7137e+00   0.0000e+00   0.0000e+00   0.0000e+00   2.4250e-02   5.6157e-01  -4.9944e-01  -6.5924e-01   0.0000e+00   0.0000e+00   0.0000e+00
Ar   8.5706e+00  -8.5706e+00  -8.5706e+00   0.0000e+00   0.0000e+00   0.0000e+00   2.1533e-01   3.0718e-01   2.2664e-01  -8.9884e-01   0.0000e+00   0.0000e+00   0.0000e+00
Ar   8.5706e+00  -5.7137e+00  -5.7137e+00   0.0000e+00   0.0000e+00   0.0000e+00   5.7004e-01  -2.5349e-01  -3.0190e-01  -7.2087e-01   0.0000e+00   0.0000e+00   0.0000e+00
Ar   1.1427e+01  -5.7137e+00  -8.5706e+00   0.0000e+00   0.0000e+00   0.0000e+00   8.3246e-01   2.4027e-01   2.1883e-01  -4.4878e-01   0.0000e+00   0.0000e+00   0.0000e+00
Ar   1.1427e+01  -8.5706e+00  -5.7137e+00   0.0000e+00   0.0000e+00   0.0000e+00   2.4770e-01  -4.4516e-01  -3.0675e-01   8.0398e-01   0.0000e+00   0.0000e+00   0.0000e+00
Ar  -1.4284e+01  -2.8569e+00  -8.5706e+00   0.0000e+00   0.0000e+00   0.0000e+00   8.6271e-01   2.6416e-01  -1.7281e-01  -3.9509e-01   0.0000e+00   0.0000e+00   0.0000e+00
Ar  -1.4284e+01   0.0000e+00  -5.7137e+00   0.0000e+00   0.0000e+00   0.0000e+00   3.4100e-01   2.0166e-01   9.1229e-01  -1.0381e-01   0.0000e+00   0.0000e+00   0.0000e+00
Ar  -1.1427e+01   0.0000e+00  -8.5706e+00   0.0000e+00   0.0000e+00   0.0000e+00   3.9500e-01  -1.4001e-01  -8.1643e-01   3.9725e-01   0.0000e+00   0.0000e+00   0.0000e+00
Ar  -1.1427e+01  -2.8569e+00  -5.7137e+00   0.0000e+00   0.0000e+00   0.0000e+00   6.6806e-01   4.6527e-01   2.8280e-01   5.0719e-01   0.0000e+00   0.0000e+00   0.0000e+00
Ar  -8.5706e+00  -2.8569e+00  -8.5706e+00   0.0000e+00   0.0000e+00   0.0000e+00   7.9921e-01  -3.4296e-01  -3.4367e-01   3.5430e-01   0.0000e+00   0.0000e+00   0.0000e+00
Ar  -8.5706e+00   0.0000e+00  -5.7137e+00   0.0000e+00   0.0000e+00   0.0000e+00   1.7788e-01   8.2377e-01  -2.9386e-02   5.3748e-01   0.0000e+00   0.0000e+00   0.0000e+00
Ar  -5.7137e+00   0.0000e+00  -8.5706e+00   0.0000e+00   0.0000e+00   0.0000e+00   3.7504e-01   2.6285e-01   7.5557e-01  -4.6836e-01   0.0000e+00   0.0000e+00   0.0000e+00
Ar  -5.7137e+00  -2.8569e+00  -5.7137e+00   0.0000e+00   0.0000e+00   0.0000e+00   1.3457e-02  -2.1854e-01  -7.0638e-01   6.7312e-01   0.0000e+00   0.0000e+00   0.0000e+00
Ar  -2.8569e+00  -2.8569e+00  -8.5706e+00   0.0000e+00   0.0000e+00   0.0000e+00   2.4373e-02   3.3826e-01  -7.8075e-01   5.2480e-01   0.0000e+00   0.0000e+00   0.0000e+00
Ar  -2.8569e+00   0.0000e+00  -5.7137e+00   0.0000e+00   0.0000e+00   0.0000e+00   6.7624e-01   4.9614e-01   1.3822e-01   5.2673e-01   0.0000e+00   0.0000e+00   0.0000e+00
Ar   0.0000e+00   0.0000e+00  -8.5706e+00   0.0000e+00   0.0000e+00   0.0000e+00   6.4162e-01  -3.8345e-01  -3.3966e-01   5.7090e-01   0.0000e+00   0.0000e+00   0.0000e+00
Ar   0.0000e+00  -2.8569e+00  -5.7137e+00   0.0000e+00   0.0000e+00   0.0000e+00   2.5243e-01   1.5074e-01   9.2930e-01  -2.2350e-01   0.0000e+00   0.0000e+00   0.0000e+00
Ar   2.8569e+00  -2.8569e+00  -8.5706e+00   0.0000e+00   0.0000e+00   0.0000e+00   5.4223e-01   7.8974e-01   2.2416e-01   1.7904e-01   0.0000e+00   0.0000e+00   0.0000e+00
Ar   2.8569e+00   0.0000e+00  -5.7137e+00   0.0000e+00   0.0000e+00   0.0000e+00   2.3348e-01   3.9471e-01  -7.4634e-01   4.8236e-01   0.0000e+00   0.0000e+00   0.0000e+00
Ar   5.7137e+00   0.0000e+00  -8.5706e+00   0.0000e+00   0.0000e+00   0.0000e+00   5.3358e-02  -5.6724e-02  -8.7571e-01  -4.7651e-01   0.0000e+00   0.0000e+00   0.0000e+00
Ar   5.7137e+00  -2.8569e+00  -5.7137e+00   0.0000e+00   0.0000e+00   0.0000e+00   5.1965e-01  -8.0490e-01   2.6676e-01  -1.0457e-01   0.0000e+00   0.0000e+00   0.0000e+00
Ar   8.5706e+00  -2.8569e+00  -8.5706e+00   0.0000e+00   0.0000e+00   0.0000e+00   4.0593e-02   1.1101e-01   7.2775e-01   6.7559e-01   0.0000e+00   0.0000e+00   0.0000e+00
Ar   8.5706e+00   0.0000e+00  -5.7137e+00   0.0000e+00   0.0000e+00   0.0000e+00   6.6644e-01   1.2967e-01  -7.3115e-01   6.6722e-02   0.0000e+00   0.0000e+00   0.0000e+00
Ar   1.1427e+01   0.0000e+00  -8.5706e+00   0.0000e+00   0.0000e+00   0.0000e+00   7.2503e-01   4.6780e-01   2.0953e-01  -4.6000e-01   0.0000e+00   0.0000e+00   0.0000e+00
Ar   1.1427e+01  -2.8569e+00  -5.7137e+00   0.0000e+00   0.0000e+00   0.0000e+00   3.3454e-01  -4.7432e-01   4.3030e-02   8.1318e-01   0.0000e+00   0.0000e+00   0.0000e+00
Ar  -1.4284e+01   2.8569e+00  -8.5706e+00   0.0000e+00   0.0000e+00   0.0000e+00   2.8334e-01   8.2914e-01  -6.3281e-02   4.7775e-01   0.0000e+00   0.0000e+00   0.0000e+00
Ar  -1.4284e+01   5.7137e+00  -5.7137e+00   0.0000e+00   0.0000e+00   0.0000e+00   1.9702e-01  -5.4602e-01  -6.4031e-01   5.0304e-01   0.0000e+00   0.0000e+00   0.0000e+00
Ar  -1.1427e+01   5.7137e+00  -8.5706e+00   0.0000e+00   0.0000e+00   0.0000e+00   4.6697e-01   5.2862e-01   5.5733e-01   4.3804e-01   0.0000e+00   0.0000e+00   0.0000e+00
Ar  -1.1427e+01   2.8569e+00  -5.7137e+00   0.0000e+00   0.0000e+00   0.0000e+00   1.2442e-01   6.7723e-01   3.0906e-01  -6.5602e-01   0.0000e+00   0.0000e+00   0.0000e+00
Ar  -8.5706e+00   2.8569e+00  -8.5706e+00   0.0000e+00   0.0000e+00   0.0000e+00   6.3638e-01   6.7183e-01   7.9081e-02  -3.7069e-01   0.0000e+00   0.0000e+00   0.0000e+00
Ar  -8.5706e+00   5.7137e+00  -5.7137e+00   0.0000e+00   0.0000e+00   0.0000e+00   6.2568e-01   2.4638e-01  -7.2169e-01  -1.6429e-01   0.0000e+00   0.0000e+00   0.0000e+00
Ar  -5.7137e+00   5.7137e+00  -8.5706e+00   0.0000e+00   0.0000e+00   0.0000e+00   4.5305e-01  -7.1885e-01   4.9205e-01  -1.8944e-01   0.0000e+00   0.0000e+00   0.0000e+00
Ar  -5.7137e+00   2.8569e+00  -5.7137e+00   0.0000e+00   0.0000e+00   0.0000e+00   6.1208e-01   4.9661e-01  -5.7075e-02  -6.1276e-01   0.0000e+00   0.0000e+00   0.0000e+00
Ar  -2.8569e+00   2.8569e+00  -8.5706e+00   0.0000e+00   0.0000e+00   0.0000e+00   1.0112e-01  -3.7573e-01  -9.0875e-01  -1.5092e-01   0.0000e+00   0.0000e+00   0.0000e+00
Ar  -2.8569e+00   5.7137e+00  -5.7137e+00   0.0000e+00   0.0000e+00   0.0000e+00   6.2831e-01  -3.2996e-02  -2.5698e-02  -7.7684e-01   0.0000e+00   0.0000e+00   0.0000e+00
Ar   0.0000e+00   5.7137e+00  -8.5706e+00   0.0000e+00   0.0000e+00   0.0000e+00   9.0832e-01   1.1889e-01  -1.0590e-01   3.8679e-01   0.0000e+00   0.0000e+00   0.0000e+00
Ar   0.0000e+00   2.8569e+00  -5.7137e+00   0.0000e+00   0.0000e+00   0.0000e+00   2.9401e-01   4.6706e-01  -8.2369e-01  -1.3018e-01   0.0000e+00   0.0000e+00   0.0000e+00
Ar   2.8569e+00   2.8569e+00  -8.5706e+00   0.0000e+00   0.0000e+00   0.0000e+00   3.6100e-02   9.0172e-02   5.3219e-01  -8.4104e-01   0.0000e+00   0.0000e+00   0.0000e+00
Ar   2.8569e+00   5.7137e+00  -5.7137e+00   0.0000e+00   0.0000e+00   0.0000e+00   1.0804e-01   6.3155e-01   7.6093e-01   1.0223e-01   0.0000e+00   0.0000e+00   0.0000e+00
Ar   5.7137e+00   5.7137e+00  -8.5706e+00   0.0000e+00   0.0000e+00   0.0000e+00   3.1393e-01  -9.4444e-01   9.1081e-02  -3.4524e-02   0.0000e+00   0.0000e+00   0.0000e+00
Ar   5.7137e+00   2.8569e+00  -5.7137e+00   0.0000e+00   0.0000e+00   0.0000e+00   3.1363e-01  -4.1449e-01  -8.0703e-01   2.8026e-01   0.0000e+00   0.0000e+00   0.0000e+00
Ar   8.5706e+00   2.8569e+00  -8.5706e+00   0.0000e+00   0.0000e+00   0.0000e+00   5.1638e-01  -2.9220e-01   6.3447e-01   4.9540e-01   0.0000e+00   0.0000e+00   0.0000e+00
Ar   8.5706e+00   5.7137e+00  -5.7137e+00   0.0000e+00   0.0000e+00   0.0000e+00   4.5886e-01   7.0723e-01   1.8220e-01   5.0604e-01   0.0000e+00   0.0000e+00   0.0000e+00
Ar   1.1427e+01   5.7137e+00  -8.5706e+00   0.0000e+00   0.0000e+00   0.0000e+00   4.7557e-01  -5.7264e-01  -3.6579e-01  -5.5867e-01   0.0000e+00   0.0000e+00   0.0000e+00
Ar   1.1427e+01   2.8569e+00  -5.7137e+00   0.0000e+00   0.0000e+00   0.0000e+00   7.1155e-01   3.3517e-01  -1.6435e-01   5.9527e-01   0.0000e+00   0.0000e+00   0.0000e+00
Ar  -1.4284e+01   8.5706e+00  -8.5706e+00   0.0000e+00   0.0000e+00   0.0000e+00   1.7966e-01  -8.6263e-01  -9.6903e-02   4.6281e-01   0.0000e+00   0.0000e+00   0.0000e+00
Ar  -1.4284e+01   1.1427e+01  -5.7137e+00   0.0000e+00   0.0000e+00   0.0000e+00   4.0443e-01  -8.6780e-02  -9.0214e-01  -1.2269e-01   0.0000e+00   0.0000e+00   0.0000e+00
Ar  -1.1427e+01   1.1427e+01  -8.5706e+00   0.0000e+00   0.0000e+00   0.0000e+00   8.3344e-01   4.4434e-01  -3.0152e-01   1.3048e-01   0.0000e+00   0.0000e+00   0.0000e+00
Ar  -1.1427e+01   8.5706e+00  -5.7137e+00   0.0000e+00   0.0000e+00   0.0000e+00   1.0389e-01  -6.6259e-02  -9.7986e-01   1.5712e-01   0.0000e+00   0.0000e+00   0.0000e+00
Ar  -8.5706e+00   8.5706e+00  -8.5706e+00   0.0000e+00   0.0000e+00   0.0000e+00   6.8023e-01  -4.5243e-01   3.7960e-01  -4.3416e-01   0.0000e+00   0.0000e+00   0.0000e+00
Ar  -8.5706e+00   1.1427e+01  -5.7137e+00   0.0000e+00   0.0000e+00   0.0000e+00   3.8303e-01  -8.4272e-01  -3.3906e-01  -1.6777e-01   0.0000e+00   0.0000e+00   0.0000e+00
Ar  -5.7137e+00   1.1427e+01  -8.5706e+00   0.0000e+00   0.0000e+00   0.0000e+00   4.4321e-01   4.6073e-02  -6.9046e-02   8.9257e-01   0.0000e+00   0.0000e+00   0.0000e+00
Ar  -5.7137e+00   8.5706e+00  -5.7137e+00   0.0000e+00   0.0000e+00   0.0000e+00   1.4428e-02   6.7585e-01   6.7361e-01   2.9879e-01   0.0000e+00   0.0000e+00   0.0000e+00
Ar  -2.8569e+00   8.5706e+00  -8.5706e+00   0.0000e+00   0.0000e+00   0.0000e+00   4.5032e-02  -6.7750e-01  -8.2388e-04  -7.3414e-01   0.0000e+00   0.0000e+00   0.0000e+00
Ar  -2.8569e+00   1.1427e+01  -5.7137e+00   0.0000e+00   0.0000e+00   0.0000e+00   8.5951e-01   3.6528e-01  -3.5743e-01  -7.5174e-03   0.0000e+00   0.0000e+00   0.0000e+00
Ar   0.0000e+00   1.1427e+01  -8.5706e+00   0.0000e+00   0.0000e+00   0.0000e+00   7.2635e-02   1.6787e-01  -8.2351e-01  -5.3701e-01   0.0000e+00   0.0000e+00   0.0000e+00
Ar   0.0000e+00   8.5706e+00  -5.7137e+00   0.0000e+00   0.0000e+00   0.0000e+00   3.7906e-02  -5.2563e-01   4.2897e-01   7.3366e-01   0.0000e+00   0.0000e+00   0.0000e+00
Ar   2.8569e+00   8.5706e+00  -8.5706e+00   0.0000e+00   0.0000e+00   0.0000e+00   4.0894e-03   3.9718e-01  -6.4482e-01  -6.5302e-01   0.0000e+00   0.0000e+00   0.0000e+00
Ar   2.8569e+00   1.1427e+01  -5.7137e+00   0.0000e+00   0.0000e+00   0.0000e+00   3.3943e-01   6.0684e-01  -2.4406e-01  -6.7599e-01   0.0000e+00   0.0000e+00   0.0000e+00
Ar   5.7137e+00   1.1427e+01  -8.5706e+00   0.0000e+00   0.0000e+00   0.0000e+00   4.8703e-01  -7.8020e-01  -1.5559e-01   3.6039e-01   0.0000e+00   0.0000e+00   0.0000e+00
Ar   5.7137e+00   8.5706e+00  -5.7137e+00   0.0000e+00   0.0000e+00   0.0000e+00   4.2621e-01   7.4995e-01   1.2698e-01  -4.8968e-01   0.0000e+00   0.0000e+00   0.0000e+00
Ar   8.5706e+00   8.5706e+00  -8.5706e+00   0.0000e+00   0.0000e+00   0.0000e+00   1.7378e-01  -3.9679e-01  -5.7117e-01   6.9723e-01   0.0000e+00   0.0000e+00   0.0000e+00
Ar   8.5706e+00   1.1427e+01  -5.7137e+00   0.0000e+00   0.0000e+00   0.0000e+00   4.1288e-01  -5.3650e-01   3.6596e-01  -6.3857e-01   0.0000e+00   0.0000e+00   0.0000e+00
Ar   1.1427e+01   1.1427e+01  -8.5706e+00   0.0000e+00   0.0000e+00   0.0000e+00   5.2316e-01  -7.7823e-01  -3.4400e-01   4.8235e-02   0.0000e+00   0.0000e+00   0.0000e+00
Ar   1.1427e+01   8.5706e+00  -5.7137e+00   0.0000e+00   0.0000e+00   0.0000e+00   1.7324e-01   5.7048e-01   7.6588e-01  -2.4075e-01   0.0000e+00   0.0000e+00   0.0000e+00
Ar  -1.4284e+01  -1.4284e+01  -2.8569e+00   0.0000e+00   0.0000e+00   0.0000e+00   8.8284e-01  -2.7036e-01   3.1786e-01   2.1556e-01   0.0000e+00   0.0000e+00   0.0000e+00
Ar  -1.4284e+01  -1.1427e+01   0.0000e+00   0.0000e+00   0.0000e+00   0.0000e+00   3.1007e-01  -2.9118e-01  -7.1488e-01  -5.5499e-01   0.0000e+00   0.0000e+00   0.0000e+00
Ar  -1.1427e+01  -1.1427e+01  -2.8569e+00   0.0000e+00   0.0000e+00   0.0000e+00   8.0612e-01  -1.2892e-01  -1.4130e-02  -5.7737e-01   0.0000e+00   0.0000e+00   0.0000e+00
Ar  -1.1427e+01  -1.4284e+01   0.0000e+00   0.0000e+00   0.0000e+00   0.0000e+00   6.0201e-01  -7.4553e-01  -9.2678e-02   2.7051e-01   0.0000e+00   0.0000e+00   0.0000e+00
Ar  -8.5706e+00  -1.4284e+01  -2.8569e+00   0.0000e+00   0.0000e+00   0.0000e+00   2.5248e-01   1.9616e-01   1.8048e-02  -9.4734e-01   0.0000e+00   0.0000e+00   0.0000e+00
Ar  -8.5706e+00  -1.1427e+01   0.0000e+00   0.0000e+00   0.0000e+00   0.0000e+00   6.2627e-01  -1.2523e-01  -2.3471e-01   7.3281e-01   0.0000e+00   0.0000e+00   0.0000e+00
Ar  -5.7137e+00  -1.1427e+01  -2.8569e+00   0.0000e+00   0.0000e+00   0.0000e+00   4.8931e-01   6.9510e-01  -5.2665e-01   6.8520e-03   0.0000e+00   0.0000e+00   0.0000e+00
Ar  -5.7137e+00  -1.4284e+01   0.0000e+00   0.0000e+00   0.0000e+00   0.0000e+00   4.4417e-01   7.5621e-01   4.5243e-01  -1.6172e-01   0.0000e+00   0.0000e+00   0.0000e+00
Ar  -2.8569e+00  -1.4284e+01  -2.8569e+00   0.0000e+00   0.0000e+00   0.0000e+00   2.6789e-01   6.1512e-01  -4.5232e-01   5.8760e-01   0.0000e+00   0.0000e+00   0.0000e+00
Ar  -2.8569e+00  -1.1427e+01   0.0000e+00   0.0000e+00   0.0000e+00   0.0000e+00   5.9995e-01  -6.9816e-01  -1.8806e-01  -3.4246e-01   0.0000e+00   0.0000e+00   0.0000e+00
Ar   0.0000e+00  -1.1427e+01  -2.8569e+00   0.0000e+00   0.0000e+00   0.0000e+00   4.5719e-01  -5.0300e-01   1.8053e-02   7.3324e-01   0.0000e+00   0.0000e+00   0.0000e+00
Ar   0.0000e+00  -1.4284e+01   0.0000e+00   0.0000e+00   0.0000e+00   0.0000e+00   3.1002e-01  -5.5942e-02  -9.4615e-01  -7.4538e-02   0.0000e+00   0.0000e+00   0.0000e+00
Ar   2.8569e+00  -1.4284e+01  -2.8569e+00   0.0000e+00   0.0000e+00   0.0000e+00   2.6690e-01   4.0686e-01  -4.7116e-01   7.3569e-01   0.0000e+00   0.0000e+00   0.0000e+00
Ar   2.8569e+00  -1.1427e+01   0.0000e+00   0.0000e+00   0.0000e+00   0.0000e+00   9.2743e-02  -1.9391e-02  -1.8567e-02   9.9533e-01   0.0000e+00   0.0000e+00   0.0000e+00
Ar   5.7137e+00  -1.1427e+01  -2.8569e+00   0.0000e+00   0.0000e+00   0.0000e+00   1.1659e-01  -4.4450e-01  -3.6290e-01  -8.1064e-01   0.0000e+00   0.0000e+00   0.0000e+00
Ar   5.7137e+00  -1.4284e+01   0.0000e+00   0.0000e+00   0.0000e+00   0.0000e+00   4.1902e-01   5.9513e-01  -6.5376e-01  -2.0700e-01   0.0000e+00   0.0000e+00   0.0000e+00
Ar   8.5706e+00  -1.4284e+01  -2.8569e+00   0.0000e+00   0.0000e+00   0.0000e+00   4.8986e-01  -5.2200e-02   4.8440e-01  -7.2295e-01   0.0000e+00   0.0000e+00   0.0000e+00
Ar   8.5706e+00  -1.1427e+01   0.0000e+00   0.0000e+00   0.0000e+00   0.0000e+00   1.4099e-01  -9.2744e-02  -9.8422e-01  -5.3241e-02   0.0000e+00   0.0000e+00   0.0000e+00
Ar   1.1427e+01  -1.1427e+01  -2.8569e+00   0.0000e+00   0.0000e+00   0.0000e+00   2.9932e-01  -3.1236e-01  -3.3854e-01  -8.3560e-01   0.0000e+00   0.0000e+00   0.0000e+00
Ar   1.1427e+01  -1.4284e+01   0.0000e+00   0.0000e+00   0.0000e+00   0.0000e+00   1.9529e-01  -1.9629e-01   6.9056e-01   6.6818e-01   0.0000e+00   0.0000e+00   0.0000e+00
Ar  -1.4284e+01  -8.5706e+00  -2.8569e+00   0.0000e+00   0.0000e+00   0.0000e+00   1.4915e-02   2.2263e-01   3.9272e-01   8.9218e-01   0.0000e+00   0.0000e+00   0.0000e+00
Ar  -1.4284e+01  -5.7137e+00   0.0000e+00   0.0000e+00   0.0000e+00   0.0000e+00   1.9349e-02   6.0944e-01  -4.7812e-01  -6.3214e-01   0.0000e+00   0.0000e+00   0.0000e+00
Ar  -1.1427e+01  -5.7137e+00  -2.8569e+00   0.0000e+00   0.0000e+00   0.0000e+00   7.6056e-01   5.0198e-01   3.6082e-02   4.1020e-01   0.0000e+00   0.0000e+00   0.0000e+00
Ar  -1.1427e+01  -8.5706e+00   0.0000e+00   0.0000e+00   0.0000e+00   0.0000e+00   3.7288e-01   1.8780e-01   8.4994e-01  -3.2141e-01   0.0000e+00   0.0000e+00   0.0000e+00
Ar  -8.5706e+00  -8.5706e+00  -2.8569e+00   0.0000e+00   0.0000e+00   0.0000e+00   1.3825e-01   4.5553e-01  -8.3475e-02   8.7545e-01   0.0000e+00   0.0000e+00   0.0000e+00
Ar  -8.5706e+00  -5.7137e+00   0.0000e+00   0.0000e+00   0.0000e+00   0.0000e+00   7.2172e-01  -1.5133e-02  -5.1334e-01  -4.6409e-01   0.0000e+00   0.0000e+00   0.0000e+00
Ar  -5.7137e+00  -5.7137e+00  -2.8569e+00   0.0000e+00   0.0000e+00   0.0000e+00   2.9289e-01   4.0096e-02   9.4045e-01  -1.6780e-01   0.0000e+00   0.0000e+00   0.0000e+00
Ar  -5.7137e+00  -8.5706e+00   0.0000e+00   0.0000e+00   0.0000e+00   0.0000e+00   1.9461e-01   7.3326e-01   1.9392e-01  -6.2198e-01   0.0000e+00   0.0000e+00   0.0000e+00
Ar  -2.8569e+00  -8.5706e+00  -2.8569e+00   0.0000e+00   0.0000e+00   0.0000e+00   8.1175e-01  -3.7493e-01   2.6809e-01   3.5863e-01   0.0000e+00   0.0000e+00   0.0000e+00
Ar  -2.8569e+00  -5.7137e+00   0.0000e+00   0.0000e+00   0.0000e+00   0.0000e+00   5.1604e-01   1.8693e-02   2.0676e-01   8.3102e-01   0.0000e+00   0.0000e+00   0.0000e+00
Ar   0.0000e+00  -5.7137e+00  -2.8569e+00   0.0000e+00   0.0000e+00   0.0000e+00   4.5211e-01   3.2406e-01   7.8690e-01  -2.6715e-01   0.0000e+00   0.0000e+00   0.0000e+00
Ar   0.0000e+00  -8.5706e+00   0.0000e+00   0.0000e+00   0.0000e+00   0.0000e+00   7.7233e-01   2.7838e-01   5.4058e-01  -1.8382e-01   0.0000e+00   0.0000e+00   0.0000e+00
Ar   2.8569e+00  -8.5706e+00  -2.8569e+00   0.0000e+00   0.0000e+00   0.0000e+00   9.7871e-02   4.8563e-01   6.2123e-01  -6.0717e-01   0.0000e+00   0.0000e+00   0.0000e+00
Ar   2.8569e+00  -5.7137e+00   0.0000e+00   0.0000e+00   0.0000e+00   0.0000e+00   4.4637e-01   7.4843e-01  -8.8836e-02  -4.8240e-01   0.0000e+00   0.0000e+00   0.0000e+00
Ar   5.7137e+00  -5.7137e+00  -2.8569e+00   0.0000e+00   0.0000e+00   0.0000e+00   6.5687e-01  -1.7829e-01   7.3201e-01   2.9773e-02   0.0000e+00   0.0000e+00   0.0000e+00
Ar   5.7137e+00  -8.5706e+00   0.0000e+00   0.0000e+00   0.0000e+00   0.0000e+00   1.6199e-01  -9.7600e-01   1.4206e-01  -3.1508e-02   0.0000e+00   0.0000e+00   0.0000e+00
Ar   8.5706e+00  -8.5706e+00  -2.8569e+00   0.0000e+00   0.0000e+00   0.0000e+00   8.2609e-01   4.5748e-01  -2.9869e-02  -3.2772e-01   0.0000e+00   0.0000e+00   0.0000e+00
Ar   8.5706e+00  -5.7137e+00   0.0000e+00   0.0000e+00   0.0000e+00   0.0000e+00   1.2603e-01   6.0439e-01  -7.8458e-01   5.7064e-02   0.0000e+00   0.0000e+00   0.0000e+00
Ar   1.1427e+01  -5.7137e+00  -2.8569e+00   0.0000e+00   0.0000e+00   0.0000e+00   4.3661e-01  -5.1270e-02   8.9710e-01  -4.4235e-02   0.0000e+00   0.0000e+00   0.0000e+00
Ar   1.1427e+01  -8.5706e+00   0.0000e+00   0.0000e+00   0.0000e+00   0.0000e+00   6.8569e-01   3.5731e-01   3.4639e-01  -5.3120e-01   0.0000e+00   0.0000e+00   0.0000e+00
Ar  -1.4284e+01  -2.8569e+00  -2.8569e+00   0.0000e+00   0.0000e+00   0.0000e+00   5.2416e-01   4.2438e-01   5.7716e-02  -7.3609e-01   0.0000e+00   0.0000e+00   0.0000e+00
Ar  -1.4284e+01   0.0000e+00   0.0000e+00   0.0000e+00   0.0000e+00   0.0000e+00   2.5245e-01   7.3115e-01  -1.8489e-01   6.0622e-01   0.0000e+00   0.0000e+00   0.0000e+00
Ar  -1.1427e+01   0.0000e+00  -2.8569e+00   0.0000e+00   0.0000e+00   0.0000e+00   7.1647e-01  -1.4889e-01   5.9356e-01  -3.3494e-01   0.0000e+00   0.0000e+00   0.0000e+00
Ar  -1.1427e+01  -2.8569e+00   0.0000e+00   0.0000e+00   0.0000e+00   0.0000e+00   7.9260e-01  -1.5749e-01  -5.8698e-01   4.9460e-02   0.0000e+00   0.0000e+00   0.0000e+00
Ar  -8.5706e+00  -2.8569e+00  -2.8569e+00   0.0000e+00   0.0000e+00   0.0000e+00   7.1442e-01   4.6840e-01   1.5025e-01  -4.9763e-01   0.0000e+00   0.0000e+00   0.0000e+00
Ar  -8.5706e+00   0.0000e+00   0.0000e+00   0.0000e+00   0.0000e+00   0.0000e+00   6.2702e-01   6.1864e-02  -2.3503e-01   7.4013e-01   0.0000e+00   0.0000e+00   0.0000e+00
Ar  -5.7137e+00   0.0000e+00  -2.8569e+00   0.0000e+00   0.0000e+00   0.0000e+00   3.1796e-01  -4.0785e-01   3.8190e-04  -8.5590e-01   0.0000e+00   0.0000e+00   0.0000e+00
Ar  -5.7137e+00  -2.8569e+00   0.0000e+00   0.0000e+00   0.0000e+00   0.0000e+00   8.0869e-01  -4.0026e-01  -2.8750e-01   3.2119e-01   0.0000e+00   0.0000e+00   0.0000e+00
Ar  -2.8569e+00  -2.8569e+00  -2.8569e+00   0.0000e+00   0.0000e+00   0.0000e+00   4.4160e-01   2.0875e-01  -8.4789e-01  -2.0615e-01   0.0000e+00   0.0000e+00   0.0000e+00
Ar  -2.8569e+00   0.0000e+00   0.0000e+00   0.0000e+00   0.0000e+00   0.0000e+00   9.6381e-01   1.2997e-01   2.2019e-01  -7.5407e-02   0.0000e+00   0.0000e+00   0.0000e+00
Ar   0.0000e+00   0.0000e+00  -2.8569e+00   0.0000e+00   0.0000e+00   0.0000e+00   5.4906e-01   1.9117e-01   3.1315e-01   7.5095e-01   0.0000e+00   0.0000e+00   0.0000e+00
Ar   0.0000e+00  -2.8569e+00   0.0000e+00   0.0000e+00   0.0000e+00   0.0000e+00   1.4858e-01   1.0841e-01   8.5919e-01  -4.7746e-01   0.0000e+00   0.0000e+00   0.0000e+00
Ar   2.8569e+00  -2.8569e+00  -2.8569e+00   0.0000e+00   0.0000e+00   0.0000e+00   1.0119e-01   6.8946e-01   2.3980e-01  -6.7594e-01   0.0000e+00   0.0000e+00   0.0000e+00
Ar   2.8569e+00   0.0000e+00   0.0000e+00   0.0000e+00   0.0000e+00   0.0000e+00   6.2108e-02   7.8683e-01  -1.1255e-01   6.0364e-01   0.0000e+00   0.0000e+00   0.0000e+00
Ar   5.7137e+00   0.0000e+00  -2.8569e+00   0.0000e+00   0.0000e+00   0.0000e+00   5.9414e-01   6.3645e-01   4.2751e-01  -2.4322e-01   0.0000e+00   0.0000e+00   0.0000e+00
Ar   5.7137e+00  -2.8569e+00   0.0000e+00   0.0000e+00   0.0000e+00   0.0000e+00   6.9087e-01  -6.6952e-02  -3.2285e-01   6.4341e-01   0.0000e+00   0.0000e+00   0.0000e+00
Ar   8.5706e+00  -2.8569e+00  -2.8569e+00   0.0000e+00   0.0000e+00   0.0000e+00   2.8800e-01  -2.9524e-01   7.6468e-02  -9.0777e-01   0.0000e+00   0.0000e+00   0.0000e+00
Ar   8.5706e+00   0.0000e+00   0.0000e+00   0.0000e+00   0.0000e+00   0.0000e+00   2.4018e-01   2.2137e-02  -9.6811e-01  -6.7761e-02   0.0000e+00   0.0000e+00   0.0000e+00
Ar   1.1427e+01   0.0000e+00  -2.8569e+00   0.0000e+00   0.0000e+00   0.0000e+00   2.3696e-01  -7.3728e-02  -9.4043e-01  -2.3239e-01   0.0000e+00   0.0000e+00   0.0000e+00
Ar   1.1427e+01  -2.8569e+00   0.0000e+00   0.0000e+00   0.0000e+00   0.0000e+00   4.3849e-01  -2.2403e-01  -1.4831e-01  -8.5764e-01   0.0000e+00   0.0000e+00   0.0000e+00
Ar  -1.4284e+01   2.8569e+00  -2.8569e+00   0.0000e+00   0.0000e+00   0.0000e+00   5.5235e-01   7.5045e-01   2.4394e-01   2.6875e-01   0.0000e+00   0.0000e+00   0.0000e+00
Ar  -1.4284e+01   5.7137e+00   0.0000e+00   0.0000e+00   0.0000e+00   0.0000e+00   2.8848e-01   1.7013e-01   5.8004e-01   7.4255e-01   0.0000e+00   0.0000e+00   0.0000e+00
Ar  -1.1427e+01   5.7137e+00  -2.8569e+00   0.0000e+00   0.0000e+00   0.0000e+00   2.3702e-02   1.1066e-01  -9.8803e-01   1.0483e-01   0.0000e+00   0.0000e+00   0.0000e+00
Ar  -1.1427e+01   2.8569e+00   0.0000e+00   0.0000e+00   0.0000e+00   0.0000e+00   4.2457e-02   7.8982e-01  -1.7437e-01   5.8650e-01   0.0000e+00   0.0000e+00   0.0000e+00
Ar  -8.5706e+00   2.8569e+00  -2.8569e+00   0.0000e+00   0.0000e+00   0.0000e+00   5.1791e-01  -2.3267e-02   8.0940e-01   2.7588e-01   0.0000e+00   0.0000e+00   0.0000e+00
Ar  -8.5706e+00   5.7137e+00   0.0000e+00   0.0000e+00   0.0000e+00   0.0000e+00   5.9313e-01  -5.3159e-01  -5.6421e-01  -2.1743e-01   0.0000e+00   0.0000e+00   0.0000e+00
Ar  -5.7137e+00   5.7137e+00  -2.8569e+00   0.0000e+00   0.0000e+00   0.0000e+00   8.0495e-01   4.5133e-01   3.4517e-02   3.8361e-01   0.0000e+00   0.0000e+00   0.0000e+00
Ar  -5.7137e+00   2.8569e+00   0.0000e+00   0.0000e+00   0.0000e+00   0.0000e+00   2.9726e-01   2.0901e-01  -8.4325e-01   3.9608e-01   0.0000e+00   0.0000e+00   0.0000e+00
Ar  -2.8569e+00   2.8569e+00  -2.8569e+00   0.0000e+00   0.0000e+00   0.0000e+00   5.2294e-01   4.0361e-01   1.9034e-01  -7.2623e-01   0.0000e+00   0.0000e+00   0.0000e+00
Ar  -2.8569e+00   5.7137e+00   0.0000e+00   0.0000e+00   0.0000e+00   0.0000e+00   7.9181e-01  -3.8274e-01  -3.3599e-01   3.3713e-01   0.0000e+00   0.0000e+00   0.0000e+00
Ar   0.0000e+00   5.7137e+00  -2.8569e+00   0.0000e+00   0.0000e+00   0.0000e+00   7.3224e-01  -5.9251e-01   1.8577e-01   2.7972e-01   0.0000e+00   0.0000e+00   0.0000e+00
Ar   0.0000e+00   2.8569e+00   0.0000e+00   0.0000e+00   0.0000e+00   0.0000e+00   3.0311e-01   9.3498e-01  -3.5013e-02  -1.8088e-01   0.0000e+00   0.0000e+00   0.0000e+00
Ar   2.8569e+00   2.8569e+00  -2.8569e+00   0.0000e+00   0.0000e+00   0.0000e+00   4.1365e-01   7.8190e-01   4.4275e-01   1.4663e-01   0.0000e+00   0.0000e+00   0.0000e+00
Ar   2.8569e+00   5.7137e+00   0.0000e+00   0.0000e+00   0.0000e+00   0.0000e+00   4.9180e-01   1.5975e-01   7.0349e-01   4.8756e-01   0.0000e+00   0.0000e+00   0.0000e+00
Ar   5.7137e+00   5.7137e+00  -2.8569e+00   0.0000e+00   0.0000e+00   0.0000e+00   2.1203e-01  -2.2933e-01   1.1393e-01  -9.4312e-01   0.0000e+00   0.0000e+00   0.0000e+00
Ar   5.7137e+00   2.8569e+00   0.0000e+00   0.0000e+00   0.0000e+00   0.0000e+00   2.0478e-01  -8.7219e-01   4.3880e-01   6.9349e-02   0.0000e+00   0.0000e+00   0.0000e+00
Ar   8.5706e+00   2.8569e+00  -2.8569e+00   0.0000e+00   0.0000e+00   0.0000e+00   2.2775e-01   4.9644e-01   4.4894e-01   7.0720e-01   0.0000e+00   0.0000e+00   0.0000e+00
Ar   8.5706e+00   5.7137e+00   0.0000e+00   0.0000e+00   0.0000e+00   0.0000e+00   4.4605e-02  -8.1897e-01  -3.5898e-01  -4.4545e-01   0.0000e+00   0.0000e+00   0.0000e+00
Ar   1.1427e+01   5.7137e+00  -2.8569e+00   0.0000e+00   0.0000e+00   0.0000e+00   3.8240e-01   4.5129e-01  -7.7285e-01   2.2983e-01   0.0000e+00   0.0000e+00   0.0000e+00
Ar   1.1427e+01   2.8569e+00   0.0000e+00   0.0000e+00   0.0000e+00   0.0000e+00   2.1172e-01  -2.0103e-01   9.4732e-01   1.3175e-01   0.0000e+00   0.0000e+00   0.0000e+00
Ar  -1.4284e+01   8.5706e+00  -2.8569e+00   0.0000e+00   0.0000e+00   0.0000e+00   6.0639e-01  -7.1222e-01   1.3861e-01  -3.2529e-01   0.0000e+00   0.0000e+00   0.0000e+00
Ar  -1.4284e+01   1.1427e+01   0.0000e+00   0.0000e+00   0.0000e+00   0.0000e+00   4.3579e-01  -5.3038e-01   2.8079e-01   6.7078e-01   0.0000e+00   0.0000e+00   0.0000e+00
Ar  -1.1427e+01   1.1427e+01  -2.8569e+00   0.0000e+00   0.0000e+00   0.0000e+00   6.2779e-01   6.4272e-01   4.0372e-03   4.3906e-01   0.0000e+00   0.0000e+00   0.0000e+00
Ar  -1.1427e+01   8.5706e+00   0.0000e+00   0.0000e+00   0.0000e+00   0.0000e+00   6.0621e-01   1.7756e-01   1.7630e-02  -7.7503e-01   0.0000e+00   0.0000e+00   0.0000e+00
Ar  -8.5706e+00   8.5706e+00  -2.8569e+00   0.0000e+00   0.0000e+00   0.0000e+00   2.5147e-01   2.0359e-01  -4.3818e-01  -8.3864e-01   0.0000e+00   0.0000e+00   0.0000e+00
Ar  -8.5706e+00   1.1427e+01   0.0000e+00   0.0000e+00   0.0000e+00   0.0000e+00   1.7538e-02  -4.6851e-01   8.7248e-01  -1.3775e-01   0.0000e+00   0.0000e+00   0.0000e+00
Ar  -5.7137e+00   1.1427e+01  -2.8569e+00   0.0000e+00   0.0000e+00   0.0000e+00   6.7932e-01  -5.6638e-01  -3.8809e-01  -2.5908e-01   0.0000e+00   0.0000e+00   0.0000e+00
Ar  -5.7137e+00   8.5706e+00   0.0000e+00   0.0000e+00   0.0000e+00   0.0000e+00   1.3246e-01   3.0548e-01  -1.6774e-03  -9.4294e-01   0.0000e+00   0.0000e+00   0.0000e+00
Ar  -2.8569e+00   8.5706e+00  -2.8569e+00   0.0000e+00   0.0000e+00   0.0000e+00   9.4001e-01   8.9210e-02   1.3960e-01  -2.9822e-01   0.0000e+00   0.0000e+00   0.0000e+00
Ar  -2.8569e+00   1.1427e+01   0.0000e+00   0.0000e+00   0.0000e+00   0.0000e+00   5.5243e-01   7.4887e-01  -2.7635e-01   2.4009e-01   0.0000e+00   0.0000e+00   0.0000e+00
Ar   0.0000e+00   1.1427e+01  -2.8569e+00   0.0000e+00   0.0000e+00   0.0000e+00   5.5987e-01   5.7763e-01  -2.1567e-02  -5.9365e-01   0.0000e+00   0.0000e+00   0.0000e+00
Ar   0.0000e+00   8.5706e+00   0.0000e+00   0.0000e+00   0.0000e+00   0.0000e+00   5.4363e-01   7.2257e-01   2.8785e-01  -3.1544e-01   0.0000e+00   0.0000e+00   0.0000e+00
Ar   2.8569e+00   8.5706e+00  -2.8569e+00   0.0000e+00   0.0000e+00   0.0000e+00   8.4231e-01  -8.1948e-02  -3.2378e-01  -4.2305e-01   0.0000e+00   0.0000e+00   0.0000e+00
Ar   2.8569e+00   1.1427e+01   0.0000e+00   0.0000e+00   0.0000e+00   0.0000e+00   6.8871e-01   1.2047e-01   5.0402e-01   5.0708e-01   0.0000e+00   0.0000e+00   0.0000e+00
Ar   5.7137e+00   1.1427e+01  -2.8569e+00   0.0000e+00   0.0000e+00   0.0000e+00   1.7897e-01   2.7676e-01  -4.2457e-01  -8.4328e-01   0.0000e+00   0.0000e+00   0.0000e+00
Ar   5.7137e+00   8.5706e+00   0.0000e+00   0.0000e+00   0.0000e+00   0.0000e+00   5.8365e-02   5.3142e-01   1.8643e-01  -8.2428e-01   0.0000e+00   0.0000e+00   0.0000e+00
Ar   8.5706e+00   8.5706e+00  -2.8569e+00   0.0000e+00   0.0000e+00   0.0000e+00   4.3168e-01  -1.3392e-01   1.5895e-01   8.7776e-01   0.0000e+00   0.0000e+00   0.0000e+00
Ar   8.5706e+00   1.1427e+01   0.0000e+00   0.0000e+00   0.0000e+00   0.0000e+00   8.3228e-01  -4.3154e-01  -2.8402e-01   2.0103e-01   0.0000e+00   0.0000e+00   0.0000e+00
Ar   1.1427e+01   1.1427e+01  -2.8569e+00   0.0000e+00   0.0000e+00   0.0000e+00   3.6310e-01   3.9117e-01   7.7433e-01  -3.3994e-01   0.0000e+00   0.0000e+00   0.0000e+00
Ar   1.1427e+01   8.5706e+00   0.0000e+00   0.0000e+00   0.0000e+00   0.0000e+00   1.7961e-01   5.0058e-01  -2.2614e-01  -8.1610e-01   0.0000e+00   0.0000e+00   0.0000e+00
Ar  -1.4284e+01  -1.4284e+01   2.8569e+00   0.0000e+00   0.0000e+00   0.0000e+00   5.1719e-02   9.1278e-01  -3.0482e-01   2.6693e-01   0.0000e+00   0.0000e+00   0.0000e+00
Ar  -1.4284e+01  -1.1427e+01   5.7137e+00   0.0000e+00   0.0000e+00   0.0000e+00   9.7391e-04  -3.6298e-01   7.9877e-01   4.7979e-01   0.0000e+00   0.0000e+00   0.0000e+00
Ar  -1.1427e+01  -1.1427e+01   2.8569e+00   0.0000e+00   0.0000e+00   0.0000e+00   7.2154e-01   2.3612e-01  -6.5008e-01  -3.2179e-02   0.0000e+00   0.0000e+00   0.0000e+00
Ar  -1.1427e+01  -1.4284e+01   5.7137e+00   0.0000e+00   0.0000e+00   0.0000e+00   4.2789e-02   7.8550e-01  -9.0297e-03   6.1731e-01   0.0000e+00   0.0000e+00   0.0000e+00
Ar  -8.5706e+00  -1.4284e+01   2.8569e+00   0.0000e+00   0.0000e+00   0.0000e+00   8.7835e-01   1.1666e-01  -4.3875e-01   1.4963e-01   0.0000e+00   0.0000e+00   0.0000e+00
Ar  -8.5706e+00  -1.1427e+01   5.7137e+00   0.0000e+00   0.0000e+00   0.0000e+00   7.1311e-01   3.0422e-01   6.0899e-01   1.6751e-01   0.0000e+00   0.0000e+00   0.0000e+00
Ar  -5.7137e+00  -1.1427e+01   2.8569e+00   0.0000e+00   0.0000e+00   0.0000e+00   2.6459e-01  -1.1193e-01  -6.6184e-01   6.9241e-01   0.0000e+00   0.0000e+00   0.0000e+00
Ar  -5.7137e+00  -1.4284e+01   5.7137e+00   0.0000e+00   0.0000e+00   0.0000e+00   8.0219e-01   5.2269e-02  -5.8036e-01  -1.3016e-01   0.0000e+00   0.0000e+00   0.0000e+00
Ar  -2.8569e+00  -1.4284e+01   2.8569e+00   0.0000e+00   0.0000e+00   0.0000e+00   3.8213e-02  -3.4827e-01   1.4650e-02   9.3650e-01   0.0000e+00   0.0000e+00   0.0000e+00
Ar  -2.8569e+00  -1.1427e+01   5.7137e+00   0.0000e+00   0.0000e+00   0.0000e+00   8.1694e-01   4.2303e-01   3.5547e-01  -1.6518e-01   0.0000e+00   0.0000e+00   0.0000e+00
Ar   0.0000e+00  -1.1427e+01   2.8569e+00   0.0000e+00   0.0000e+00   0.0000e+00   6.2985e-01   2.2441e-01  -6.1132e-01  -4.2333e-01   0.0000e+00   0.0000e+00   0.0000e+00
Ar   0.0000e+00  -1.4284e+01   5.7137e+00   0.0000e+00   0.0000e+00   0.0000e+00   9.6168e-01  -1.4066e-01   2.2189e-01   7.8447e-02   0.0000e+00   0.0000e+00   0.0000e+00
Ar   2.8569e+00  -1.4284e+01   2.8569e+00   0.0000e+00   0.0000e+00   0.0000e+00   7.6981e-01  -5.1998e-01  -1.5558e-01   3.3588e-01   0.0000e+00   0.0000e+00   0.0000e+00
Ar   2.8569e+00  -1.1427e+01   5.7137e+00   0.0000e+00   0.0000e+00   0.0000e+00   5.1271e-02   1.2392e-02   7.9008e-01   6.1073e-01   0.0000e+00   0.0000e+00   0.0000e+00
Ar   5.7137e+00  -1.1427e+01   2.8569e+00   0.0000e+00   0.0000e+00   0.0000e+00   5.6573e-02  -2.7586e-01   9.5922e-01   2.4253e-02   0.0000e+00   0.0000e+00   0.0000e+00
Ar   5.7137e+00  -1.4284e+01   5.7137e+00   0.0000e+00   0.0000e+00   0.0000e+00   7.6214e-01  -4.0121e-02   2.2624e-01   6.0526e-01   0.0000e+00   0.0000e+00   0.0000e+00
Ar   8.5706e+00  -1.4284e+01   2.8569e+00   0.0000e+00   0.0000e+00   0.0000e+00   2.3900e-01   1.4408e-01   2.8233e-01  -9.1783e-01   0.0000e+00   0.0000e+00   0.0000e+00
Ar   8.5706e+00  -1.1427e+01   5.7137e+00   0.0000e+00   0.0000e+00   0.0000e+00   3.5211e-01  -2.0795e-01  -6.6511e-03   9.1254e-01   0.0000e+00   0.0000e+00   0.0000e+00
Ar   1.1427e+01  -1.1427e+01   2.8569e+00   0.0000e+00   0.0000e+00   0.0000e+00   3.4707e-01  -7.5899e-01   2.3991e-01   4.9590e-01   0.0000e+00   0.0000e+00   0.0000e+00
Ar   1.1427e+01  -1.4284e+01   5.7137e+00   0.0000e+00   0.0000e+00   0.0000e+00   1.9841e-02   7.0025e-02  -9.6519e-01   2.5121e-01   0.0000e+00   0.0000e+00   0.0000e+00
Ar  -1.4284e+01  -8.5706e+00   2.8569e+00   0.0000e+00   0.0000e+00   0.0000e+00   2.1392e-01  -3.2047e-01   5.6212e-01  -7.3182e-01   0.0000e+00   0.0000e+00   0.0000e+00
Ar  -1.4284e+01  -5.7137e+00   5.7137e+00   0.0000e+00   0.0000e+00   0.0000e+00   1.5417e-01   3.6189e-01  -9.1651e-01   7.2618e-02   0.0000e+00   0.0000e+00   0.0000e+00
Ar  -1.1427e+01  -5.7137e+00   2.8569e+00   0.0000e+00   0.0000e+00   0.0000e+00   1.5606e-01   8.2138e-01   5.4684e-01   4.4155e-02   0.0000e+00   0.0000e+00   0.0000e+00
Ar  -1.1427e+01  -8.5706e+00   5.7137e+00   0.0000e+00   0.0000e+00   0.0000e+00   2.7428e-01   3.5909e-03  -9.6145e-01  -1.9157e-02   0.0000e+00   0.0000e+00   0.0000e+00
Ar  -8.5706e+00  -8.5706e+00   2.8569e+00   0.0000e+00   0.0000e+00   0.0000e+00   7.9945e-02  -7.2382e-01   5.9107e-01   3.4688e-01   0.0000e+00   0.0000e+00   0.0000e+00
Ar  -8.5706e+00  -5.7137e+00   5.7137e+00   0.0000e+00   0.0000e+00   0.0000e+00   5.8497e-01  -1.2284e-01  -4.8316e-01   6.3975e-01   0.0000e+00   0.0000e+00   0.0000e+00
Ar  -5.7137e+00  -5.7137e+00   2.8569e+00   0.0000e+00   0.0000e+00   0.0000e+00   1.5911e-01   4.0238e-01   8.3085e-01   3.4996e-01   0.0000e+00   0.0000e+00   0.0000e+00
Ar  -5.7137e+00  -8.5706e+00   5.7137e+00   0.0000e+00   0.0000e+00   0.0000e+00   1.8651e-03   1.5771e-01   9.6185e-01  -2.2355e-01   0.0000e+00   0.0000e+00   0.0000e+00
Ar  -2.8569e+00  -8.5706e+00   2.8569e+00   0.0000e+00   0.0000e+00   0.0000e+00   7.5275e-02  -6.9867e-01  -1.6390e-01   6.9233e-01   0.0000e+00   0.0000e+00   0.0000e+00
Ar  -2.8569e+00  -5.7137e+00   5.7137e+00   0.0000e+00   0.0000e+00   0.0000e+00   5.2289e-01   5.5404e-01   3.1904e-01  -5.6378e-01   0.0000e+00   0.0000e+00   0.0000e+00
Ar   0.0000e+00  -5.7137e+00   2.8569e+00   0.0000e+00   0.0000e+00   0.0000e+00   3.6973e-01  -9.3976e-02  -8.2441e-01   4.1810e-01   0.0000e+00   0.0000e+00   0.0000e+00
Ar   0.0000e+00  -8.5706e+00   5.7137e+00   0.0000e+00   0.0000e+00   0.0000e+00   9.3840e-01   2.6955e-01  -1.9060e-01  -1.0203e-01   0.0000e+00   0.0000e+00   0.0000e+00
Ar   2.8569e+00  -8.5706e+00   2.8569e+00   0.0000e+00   0.0000e+00   0.0000e+00   7.7748e-01  -2.7917e-01   3.0592e-01   4.7329e-01   0.0000e+00   0.0000e+00   0.0000e+00
Ar   2.8569e+00  -5.7137e+00   5.7137e+00   0.0000e+00   0.0000e+00   0.0000e+00   5.2740e-01   8.4119e-01   7.6210e-02  -9.1874e-02   0.0000e+00   0.0000e+00   0.0000e+00
Ar   5.7137e+00  -5.7137e+00   2.8569e+00   0.0000e+00   0.0000e+00   0.0000e+00   2.2070e-01  -8.8908e-01   1.0416e-01   3.8726e-01   0.0000e+00   0.0000e+00   0.0000e+00
Ar   5.7137e+00  -8.5706e+00   5.7137e+00   0.0000e+00   0.0000e+00   0.0000e+00   6.6497e-01   7.2568e-01   4.6924e-02   1.7026e-01   0.0000e+00   0.0000e+00   0.0000e+00
Ar   8.5706e+00  -8.5706e+00   2.8569e+00   0.0000e+00   0.0000e+00   0.0000e+00   1.7693e-01  -8.6820e-01  -4.6286e-01  -2.6084e-02   0.0000e+00   0.0000e+00   0.0000e+00
Ar   8.5706e+00  -5.7137e+00   5.7137e+00   0.0000e+00   0.0000e+00   0.0000e+00   7.9234e-01  -3.4894e-01   4.6739e-01   1.7884e-01   0.0000e+00   0.0000e+00   0.0000e+00
Ar   1.1427e+01  -5.7137e+00   2.8569e+00   0.0000e+00   0.0000e+00   0.0000e+00   2.9454e-01  -4.3394e-02  -2.3637e-01   9.2493e-01   0.0000e+00   0.0000e+00   0.0000e+00
Ar   1.1427e+01  -8.5706e+00   5.7137e+00   0.0000e+00   0.0000e+00   0.0000e+00   4.2773e-01  -7.1125e-02   3.5233e-01   8.2937e-01   0.0000e+00   0.0000e+00   0.0000e+00
Ar  -1.4284e+01  -2.8569e+00   2.8569e+00   0.0000e+00   0.0000e+00   0.0000e+00   8.0289e-01   5.3391e-01  -2.3963e-01  -1.1348e-01   0.0000e+00   0.0000e+00   0.0000e+00
Ar  -1.4284e+01   0.0000e+00   5.7137e+00   0.0000e+00   0.0000e+00   0.0000e+00   4.8916e-01  -2.4526e-01   5.6824e-01   6.1455e-01   0.0000e+00   0.0000e+00   0.0000e+00
Ar  -1.1427e+01   0.0000e+00   2.8569e+00   0.0000e+00   0.0000e+00   0.0000e+00   5.1450e-01   2.3659e-02  -8.0114e-01  -3.0481e-01   0.0000e+00   0.0000e+00   0.0000e+00
Ar  -1.1427e+01  -2.8569e+00   5.7137e+00   0.0000e+00   0.0000e+00   0.0000e+00   4.6979e-01  -4.2073e-01  -7.3733e-01  -2.4212e-01   0.0000e+00   0.0000e+00   0.0000e+00
Ar  -8.5706e+00  -2.8569e+00   2.8569e+00   0.0000e+00   0.0000e+00   0.0000e+00   3.0806e-01  -9.4816e-01   7.0517e-02   3.3427e-02   0.0000e+00   0.0000e+00   0.0000e+00
Ar  -8.5706e+00   0.0000e+00   5.7137e+00   0.0000e+00   0.0000e+00   0.0000e+00   5.2941e-01  -6.9975e-01   4.2296e-01   2.2623e-01   0.0000e+00   0.0000e+00   0.0000e+00
Ar  -5.7137e+00   0.0000e+00   2.8569e+00   0.0000e+00   0.0000e+00   0.0000e+00   8.5711e-01   4.1576e-01   2.2162e-01  -2.0830e-01   0.0000e+00   0.0000e+00   0.0000e+00
Ar  -5.7137e+00  -2.8569e+00   5.7137e+00   0.0000e+00   0.0000e+00   0.0000e+00   8.4531e-01  -2.3348e-01  -4.2711e-01  -2.2023e-01   0.0000e+00   0.0000e+00   0.0000e+00
Ar  -2.8569e+00  -2.8569e+00   2.8569e+00   0.0000e+00   0.0000e+00   0.0000e+00   5.8197e-01  -2.2910e-01  -9.7143e-02   7.7420e-01   0.0000e+00   0.0000e+00   0.0000e+00
Ar  -2.8569e+00   0.0000e+00   5.7137e+00   0.0000e+00   0.0000e+00   0.0000e+00   4.0189e-01   7.2622e-01  -5.3684e-01  -1.5130e-01   0.0000e+00   0.0000e+00   0.0000e+00
Ar   0.0000e+00   0.0000e+00   2.8569e+00   0.0000e+00   0.0000e+00   0.0000e+00   1.1136e-01  -2.2065e-01  -9.6797e-01   4.4210e-02   0.0000e+00   0.0000e+00   0.0000e+00
Ar   0.0000e+00  -2.8569e+00   5.7137e+00   0.0000e+00   0.0000e+00   0.0000e+00   3.2294e-01   8.7335e-01   2.1498e-01   2.9453e-01   0.0000e+00   0.0000e+00   0.0000e+00
Ar   2.8569e+00  -2.8569e+00   2.8569e+00   0.0000e+00   0.0000e+00   0.0000e+00   7.2472e-01  -4.1147e-01  -2.6252e-01  -4.8637e-01   0.0000e+00   0.0000e+00   0.0000e+00
Ar   2.8569e+00   0.0000e+00   5.7137e+00   0.0000e+00   0.0000e+00   0.0000e+00   7.1010e-01  -3.1004e-01  -5.8282e-01  -2.4487e-01   0.0000e+00   0.0000e+00   0.0000e+00
Ar   5.7137e+00   0.0000e+00   2.8569e+00   0.0000e+00   0.0000e+00   0.0000e+00   3.4536e-02   2.8480e-01  -5.1110e-01   8.1023e-01   0.0000e+00   0.0000e+00   0.0000e+00
Ar   5.7137e+00  -2.8569e+00   5.7137e+00   0.0000e+00   0.0000e+00   0.0000e+00   4.7635e-01   7.1965e-01  -3.1534e-01   3.9466e-01   0.0000e+00   0.0000e+00   0.0000e+00
Ar   8.5706e+00  -2.8569e+00   2.8569e+00   0.0000e+00   0.0000e+00   0.0000e+00   4.3363e-01   2.0148e-01   8.7025e-01  -1.1850e-01   0.0000e+00   0.0000e+00   0.0000e+00
Ar   8.5706e+00   0.0000e+00   5.7137e+00   0.0000e+00   0.0000e+00   0.0000e+00   5.9032e-01   4.7526e-01  -6.4293e-01  -1.1086e-01   0.0000e+00   0.0000e+00   0.0000e+00
Ar   1.1427e+01   0.0000e+00   2.8569e+00   0.0000e+00   0.0000e+00   0.0000e+00   1.0813e-01  -6.7175e-01   8.6832e-02   7.2768e-01   0.0000e+00   0.0000e+00   0.0000e+00
Ar   1.1427e+01  -2.8569e+00   5.7137e+00   0.0000e+00   0.0000e+00   0.0000e+00   6.5235e-02   8.5904e-01   4.0702e-01   3.0352e-01   0.0000e+00   0.0000e+00   0.0000e+00
Ar  -1.4284e+01   2.8569e+00   2.8569e+00   0.0000e+00   0.0000e+00   0.0000e+00   4.9640e-01   3.4443e-01  -4.4973e-01   6.5779e-01   0.0000e+00   0.0000e+00   0.0000e+00
Ar  -1.4284e+01   5.7137e+00   5.7137e+00   0.0000e+00   0.0000e+00   0.0000e+00   1.9072e-01  -4.0231e-01   8.9311e-01  -6.4259e-02   0.0000e+00   0.0000e+00   0.0000e+00
Ar  -1.1427e+01   5.7137e+00   2.8569e+00   0.0000e+00   0.0000e+00   0.0000e+00   7.3523e-01  -3.8655e-01   5.3907e-01  -1.3938e-01   0.0000e+00   0.0000e+00   0.0000e+00
Ar  -1.1427e+01   2.8569e+00   5.7137e+00   0.0000e+00   0.0000e+00   0.0000e+00   8.8523e-01  -3.1626e-01  -9.3184e-02   3.2811e-01   0.0000e+00   0.0000e+00   0.0000e+00
Ar  -8.5706e+00   2.8569e+00   2.8569e+00   0.0000e+00   0.0000e+00   0.0000e+00   6.7588e-02  -4.7523e-02   2.9350e-01   9.5238e-01   0.0000e+00   0.0000e+00   0.0000e+00
Ar  -8.5706e+00   5.7137e+00   5.7137e+00   0.0000e+00   0.0000e+00   0.0000e+00   2.1250e-02  -3.1656e-01  -4.1702e-01   8.5172e-01   0.0000e+00   0.0000e+00   0.0000e+00
Ar  -5.7137e+00   5.7137e+00   2.8569e+00   0.0000e+00   0.0000e+00   0.0000e+00   7.2304e-01   1.6623e-01  -6.3377e-01   2.1890e-01   0.0000e+00   0.0000e+00   0.0000e+00
Ar  -5.7137e+00   2.8569e+00   5.7137e+00   0.0000e+00   0.0000e+00   0.0000e+00   2.4514e-01   3.8227e-01  -9.3174e-02   8.8606e-01   0.0000e+00   0.0000e+00   0.0000e+00
Ar  -2.8569e+00   2.8569e+00   2.8569e+00   0.0000e+00   0.0000e+00   0.0000e+00   7.4715e-01   3.7136e-01   4.0522e-01   3.7371e-01   0.0000e+00   0.0000e+00   0.0000e+00
Ar  -2.8569e+00   5.7137e+00   5.7137e+00   0.0000e+00   0.0000e+00   0.0000e+00   3.2324e-02  -5.5679e-01   7.9663e-01   2.3307e-01   0.0000e+00   0.0000e+00   0.0000e+00
Ar   0.0000e+00   5.7137e+00   2.8569e+00   0.0000e+00   0.0000e+00   0.0000e+00   6.3071e-01  -7.4043e-01   1.7494e-01  -1.5287e-01   0.0000e+00   0.0000e+00   0.0000e+00
Ar   0.0000e+00   2.8569e+00   5.7137e+00   0.0000e+00   0.0000e+00   0.0000e+00   8.2074e-01   8.3133e-02  -3.1755e-01  -4.6759e-01   0.0000e+00   0.0000e+00   0.0000e+00
Ar   2.8569e+00   2.8569e+00   2.8569e+00   0.0000e+00   0.0000e+00   0.0000e+00   1.2804e-01  -2.4217e-01   5.6139e-01  -7.8089e-01   0.0000e+00   0.0000e+00   0.0000e+00
Ar   2.8569e+00   5.7137e+00   5.7137e+00   0.0000e+00   0.0000e+00   0.0000e+00   4.4714e-01  -4.6744e-01  -6.5572e-01  -3.8935e-01   0.0000e+00   0.0000e+00   0.0000e+00
Ar   5.7137e+00   5.7137e+00   2.8569e+00   0.0000e+00   0.0000e+00   0.0000e+00   1.4943e-01  -6.4533e-02   2.3159e-01  -9.5910e-01   0.0000e+00   0.0000e+00   0.0000e+00
Ar   5.7137e+00   2.8569e+00   5.7137e+00   0.0000e+00   0.0000e+00   0.0000e+00   3.8324e-01  -7.9493e-01   1.3266e-01  -4.5125e-01   0.0000e+00   0.0000e+00   0.0000e+00
Ar   8.5706e+00   2.8569e+00   2.8569e+00   0.0000e+00   0.0000e+00   0.0000e+00   3.3545e-01   2.3029e-01  -4.7876e-01   7.7796e-01   0.0000e+00   0.0000e+00   0.0000e+00
Ar   8.5706e+00   5.7137e+00   5.7137e+00   0.0000e+00   0.0000e+00   0.0000e+00   2.7028e-01   2.1719e-01   8.6632e-02   9.3395e-01   0.0000e+00   0.0000e+00   0.0000e+00
Ar   1.1427e+01   5.7137e+00   2.8569e+00   0.0000e+00   0.0000e+00   0.0000e+00   4.6028e-01  -3.8397e-01  -1.1873e-01   7.9159e-01   0.0000e+00   0.0000e+00   0.0000e+00
Ar   1.1427e+01   2.8569e+00   5.7137e+00   0.0000e+00   0.0000e+00   0.0000e+00   1.6055e-02  -3.1086e-01   5.0263e-03   9.5031e-01   0.0000e+00   0.0000e+00   0.0000e+00
Ar  -1.4284e+01   8.5706e+00   2.8569e+00   0.0000e+00   0.0000e+00   0.0000e+00   6.0351e-01  -1.8881e-01  -4.4232e-01  -6.3598e-01   0.0000e+00   0.0000e+00   0.0000e+00
Ar  -1.4284e+01   1.1427e+01   5.7137e+00   0.0000e+00   0.0000e+00   0.0000e+00   3.6365e-01   5.2636e-01  -5.7519e-01  -5.0976e-01   0.0000e+00   0.0000e+00   0.0000e+00
Ar  -1.1427e+01   1.1427e+01   2.8569e+00   0.0000e+00   0.0000e+00   0.0000e+00   2.8432e-01  -5.8534e-01  -2.4885e-01   7.1736e-01   0.0000e+00   0.0000e+00   0.0000e+00
Ar  -1.1427e+01   8.5706e+00   5.7137e+00   0.0000e+00   0.0000e+00   0.0000e+00   5.9778e-01  -7.2678e-01   7.3674e-02   3.3020e-01   0.0000e+00   0.0000e+00   0.0000e+00
Ar  -8.5706e+00   8.5706e+00   2.8569e+00   0.0000e+00   0.0000e+00   0.0000e+00   3.6542e-01  -2.2619e-01  -9.0237e-01  -3.2134e-02   0.0000e+00   0.0000e+00   0.0000e+00
Ar  -8.5706e+00   1.1427e+01   5.7137e+00   0.0000e+00   0.0000e+00   0.0000e+00   1.7716e-01  -7.6495e-01  -5.7194e-01   2.3739e-01   0.0000e+00   0.0000e+00   0.0000e+00
Ar  -5.7137e+00   1.1427e+01   2.8569e+00   0.0000e+00   0.0000e+00   0.0000e+00   4.9630e-01  -5.6475e-03  -5.6725e-01   6.5718e-01   0.0000e+00   0.0000e+00   0.0000e+00
Ar  -5.7137e+00   8.5706e+00   5.7137e+00   0.0000e+00   0.0000e+00   0.0000e+00   9.0003e-01   2.7642e-01  -3.1437e-01   1.2131e-01   0.0000e+00   0.0000e+00   0.0000e+00
Ar  -2.8569e+00   8.5706e+00   2.8569e+00   0.0000e+00   0.0000e+00   0.0000e+00   3.1696e-01   8.8598e-01  -3.1914e-01  -1.1280e-01   0.0000e+00   0.0000e+00   0.0000e+00
Ar  -2.8569e+00   1.1427e+01   5.7137e+00   0.0000e+00   0.0000e+00   0.0000e+00   1.7447e-01  -6.2649e-01   7.4782e-01   1.3353e-01   0.0000e+00   0.0000e+00   0.0000e+00
Ar   0.0000e+00   1.1427e+01   2.8569e+00   0.0000e+00   0.0000e+00   0.0000e+00   8.5645e-01   4.6857e-01  -2.1663e-01  -1.6916e-03   0.0000e+00   0.0000e+00   0.0000e+00
Ar   0.0000e+00   8.5706e+00   5.7137e+00   0.0000e+00   0.0000e+00   0.0000e+00   1.8260e-01   2.9469e-01   9.3787e-01  -1.4886e-02   0.0000e+00   0.0000e+00   0.0000e+00
Ar   2.8569e+00   8.5706e+00   2.8569e+00   0.0000e+00   0.0000e+00   0.0000e+00   2.5094e-01  -3.0994e-01   9.4050e-02   9.1220e-01   0.0000e+00   0.0000e+00   0.0000e+00
Ar   2.8569e+00   1.1427e+01   5.7137e+00   0.0000e+00   0.0000e+00   0.0000e+00   3.1053e-02  -6.7353e-01   2.6797e-01  -6.8818e-01   0.0000e+00   0.0000e+00   0.0000e+00
Ar   5.7137e+00   1.1427e+01   2.8569e+00   0.0000e+00   0.0000e+00   0.0000e+00   8.4974e-01   4.1628e-01   1.4519e-01   2.8909e-01   0.0000e+00   0.0000e+00   0.0000e+00
Ar   5.7137e+00   8.5706e+00   5.7137e+00   0.0000e+00   0.0000e+00   0.0000e+00   9.1713e-01   3.1591e-01   5.0425e-02   2.3778e-01   0.0000e+00   0.0000e+00   0.0000e+00
Ar   8.5706e+00   8.5706e+00   2.8569e+00   0.0000e+00   0.0000e+00   0.0000e+00   8.3649e-01  -2.7388e-01  -4.1645e-02   4.7280e-01   0.0000e+00   0.0000e+00   0.0000e+00
Ar   8.5706e+00   1.1427e+01   5.7137e+00   0.0000e+00   0.0000e+00   0.0000e+00   3.4885e-01   7.0350e-01  -3.3991e-01  -5.1754e-01   0.0000e+00   0.0000e+00   0.0000e+00
Ar   1.1427e+01   1.1427e+01   2.8569e+00   0.0000e+00   0.0000e+00   0.0000e+00   1.0158e-01   6.9165e-01   6.8412e-01   2.0803e-01   0.0000e+00   0.0000e+00   0.0000e+00
Ar   1.1427e+01   8.5706e+00   5.7137e+00   0.0000e+00   0.0000e+00   0.0000e+00   2.7134e-01  -9.1145e-01   6.3227e-02  -3.0271e-01   0.0000e+00   0.0000e+00   0.0000e+00
Ar  -1.4284e+01  -1.4284e+01   8.5706e+00   0.0000e+00   0.0000e+00   0.0000e+00   2.0806e-01   1.0274e-02   9.3010e-01  -3.0253e-01   0.0000e+00   0.0000e+00   0.0000e+00
Ar  -1.4284e+01  -1.1427e+01   1.1427e+01   0.0000e+00   0.0000e+00   0.0000e+00   5.9611e-01   5.9482e-01   4.2050e-01  -3.3766e-01   0.0000e+00   0.0000e+00   0.0000e+00
Ar  -1.1427e+01  -1.1427e+01   8.5706e+00   0.0000e+00   0.0000e+00   0.0000e+00   2.7263e-01  -3.6287e-02  -8.5577e-01   4.3819e-01   0.0000e+00   0.0000e+00   0.0000e+00
Ar  -1.1427e+01  -1.4284e+01   1.1427e+01   0.0000e+00   0.0000e+00   0.0000e+00   8.4125e-01  -4.8548e-01  -2.3645e-01   2.6279e-02   0.0000e+00   0.0000e+00   0.0000e+00
Ar  -8.5706e+00  -1.4284e+01   8.5706e+00   0.0000e+00   0.0000e+00   0.0000e+00   8.1366e-01   4.2742e-01  -2.0682e-01   3.3539e-01   0.0000e+00   0.0000e+00   0.0000e+00
Ar  -8.5706e+00  -1.1427e+01   1.1427e+01   0.0000e+00   0.0000e+00   0.0000e+00   1.5930e-01   5.7012e-01   4.6185e-01   6.6052e-01   0.0000e+00   0.0000e+00   0.0000e+00
Ar  -5.7137e+00  -1.1427e+01   8.5706e+00   0.0000e+00   0.0000e+00   0.0000e+00   9.4446e-02  -7.6487e-01  -3.3736e-01  -5.4059e-01   0.0000e+00   0.0000e+00   0.0000e+00
Ar  -5.7137e+00  -1.4284e+01   1.1427e+01   0.0000e+00   0.0000e+00   0.0000e+00   3.1983e-01   2.1820e-01  -4.1978e-02  -9.2105e-01   0.0000e+00   0.0000e+00   0.0000e+00
Ar  -2.8569e+00  -1.4284e+01   8.5706e+00   0.0000e+00   0.0000e+00   0.0000e+00   5.4904e-01  -2.1657e-02  -2.5296e-01   7.9630e-01   0.0000e+00   0.0000e+00   0.0000e+00
Ar  -2.8569e+00  -1.1427e+01   1.1427e+01   0.0000e+00   0.0000e+00   0.0000e+00   8.3718e-01   3.3024e-01  -4.3587e-01  -9.8646e-03   0.0000e+00   0.0000e+00   0.0000e+00
Ar   0.0000e+00  -1.1427e+01   8.5706e+00   0.0000e+00   0.0000e+00   0.0000e+00   6.6658e-01   3.9601e-01   3.0841e-01  -5.5111e-01   0.0000e+00   0.0000e+00   0.0000e+00
Ar   0.0000e+00  -1.4284e+01   1.1427e+01   0.0000e+00   0.0000e+00   0.0000e+00   5.6416e-03  -1.7154e-01  -9.4873e-01   2.6543e-01   0.0000e+00   0.0000e+00   0.0000e+00
Ar   2.8569e+00  -1.4284e+01   8.5706e+00   0.0000e+00   0.0000e+00   0.0000e+00   4.1898e-01   6.2016e-01   6.5393e-01   1.1060e-01   0.0000e+00   0.0000e+00   0.0000e+00
Ar   2.8569e+00  -1.1427e+01   1.1427e+01   0.0000e+00   0.0000e+00   0.0000e+00   3.4249e-01   5.8596e-01  -2.8407e-01  -6.7724e-01   0.0000e+00   0.0000e+00   0.0000e+00
Ar   5.7137e+00  -1.1427e+01   8.5706e+00   0.0000e+00   0.0000e+00   0.0000e+00   8.9274e-02   1.9543e-01  -5.3314e-01   8.1829e-01   0.0000e+00   0.0000e+00   0.0000e+00
Ar   5.7137e+00  -1.4284e+01   1.1427e+01   0.0000e+00   0.0000e+00   0.0000e+00   5.3871e-01   5.3888e-01  -6.4419e-01   6.6449e-02   0.0000e+00   0.0000e+00   0.0000e+00
Ar   8.5706e+00  -1.4284e+01   8.5706e+00   0.0000e+00   0.0000e+00   0.0000e+00   8.0333e-01  -1.6579e-01   5.4120e-01   1.8516e-01   0.0000e+00   0.0000e+00   0.0000e+00
Ar   8.5706e+00  -1.1427e+01   1.1427e+01   0.0000e+00   0.0000e+00   0.0000e+00   4.5439e-01  -1.8176e-01  -2.5138e-01  -8.3505e-01   0.0000e+00   0.0000e+00   0.0000e+00
Ar   1.1427e+01  -1.1427e+01   8.5706e+00   0.0000e+00   0.0000e+00   0.0000e+00   6.4725e-01   2.9019e-01   4.8406e-01  -5.1239e-01   0.0000e+00   0.0000e+00   0.0000e+00
Ar   1.1427e+01  -1.4284e+01   1.1427e+01   0.0000e+00   0.0000e+00   0.0000e+00   1.5285e-01   8.1470e-01   3.3527e-01  -4.4777e-01   0.0000e+00   0.0000e+00   0.0000e+00
Ar  -1.4284e+01  -8.5706e+00   8.5706e+00   0.0000e+00   0.0000e+00   0.0000e+00   2.6287e-01  -1.2734e-01  -9.5586e-01   3.1975e-02   0.0000e+00   0.0000e+00   0.0000e+00
Ar  -1.4284e+01  -5.7137e+00   1.1427e+01   0.0000e+00   0.0000e+00   0.0000e+00   5.5770e-02   5.8758e-02  -2.5613e-01   9.6324e-01   0.0000e+00   0.0000e+00   0.0000e+00
Ar  -1.1427e+01  -5.7137e+00   8.5706e+00   0.0000e+00   0.0000e+00   0.0000e+00   8.7647e-02  -7.9133e-01   6.0241e-01  -5.6719e-02   0.0000e+00   0.0000e+00   0.0000e+00
Ar  -1.1427e+01  -8.5706e+00   1.1427e+01   0.0000e+00   0.0000e+00   0.0000e+00   1.6120e-01   9.1837e-04   4.9215e-01  -8.5546e-01   0.0000e+00   0.0000e+00   0.0000e+00
Ar  -8.5706e+00  -8.5706e+00   8.5706e+00   0.0000e+00   0.0000e+00   0.0000e+00   6.8696e-01  -6.3595e-01  -1.9475e-01   2.9279e-01   0.0000e+00   0.0000e+00   0.0000e+00
Ar  -8.5706e+00  -5.7137e+00   1.1427e+01   0.0000e+00   0.0000e+00   0.0000e+00   5.7025e-01   1.1950e-01   5.7185e-01  -5.7751e-01   0.0000e+00   0.0000e+00   0.0000e+00
Ar  -5.7137e+00  -5.7137e+00   8.5706e+00   0.0000e+00   0.0000e+00   0.0000e+00   2.6532e-01  -3.4634e-01  -6.8621e-01   5.8204e-01   0.0000e+00   0.0000e+00   0.0000e+00
Ar  -5.7137e+00  -8.5706e+00   1.1427e+01   0.0000e+00   0.0000e+00   0.0000e+00   4.7699e-02  -7.8317e-01   5.8878e-01   1.9416e-01   0.0000e+00   0.0000e+00   0.0000e+00
Ar  -2.8569e+00  -8.5706e+00   8.5706e+00   0.0000e+00   0.0000e+00   0.0000e+00   4.4589e-02  -7.3246e-01   2.3511e-01  -6.3737e-01   0.0000e+00   0.0000e+00   0.0000e+00
Ar  -2.8569e+00  -5.7137e+00   1.1427e+01   0.0000e+00   0.0000e+00   0.0000e+00   1.2105e-01  -3.0331e-01   7.9588e-01  -5.0984e-01   0.0000e+00   0.0000e+00   0.0000e+00
Ar   0.0000e+00  -5.7137e+00   8.5706e+00   0.0000e+00   0.0000e+00   0.0000e+00   8.1174e-01  -5.8268e-01   7.7997e-03   3.8778e-02   0.0000e+00   0.0000e+00   0.0000e+00
Ar   0.0000e+00  -8.5706e+00   1.1427e+01   0.0000e+00   0.0000e+00   0.0000e+00   6.4120e-01   4.0154e-01   2.0387e-01  -6.2134e-01   0.0000e+00   0.0000e+00   0.0000e+00
Ar   2.8569e+00  -8.5706e+00   8.5706e+00   0.0000e+00   0.0000e+00   0.0000e+00   3.7468e-01  -4.1640e-01   6.4817e-01   5.1586e-01   0.0000e+00   0.0000e+00   0.0000e+00
Ar   2.8569e+00  -5.7137e+00   1.1427e+01   0.0000e+00   0.0000e+00   0.0000e+00   2.6809e-01  -3.0307e-01   5.7265e-01  -7.1298e-01   0.0000e+00   0.0000e+00   0.0000e+00
Ar   5.7137e+00  -5.7137e+00   8.5706e+00   0.0000e+00   0.0000e+00   0.0000e+00   3.4580e-01  -3.6402e-01   5.4677e-01  -6.7004e-01   0.0000e+00   0.0000e+00   0.0000e+00
Ar   5.7137e+00  -8.5706e+00   1.1427e+01   0.0000e+00   0.0000e+00   0.0000e+00   4.2743e-01   7.5828e-01  -4.2153e-01   2.5422e-01   0.0000e+00   0.0000e+00   0.0000e+00
Ar   8.5706e+00  -8.5706e+00   8.5706e+00   0.0000e+00   0.0000e+00   0.0000e+00   3.5653e-01  -2.9262e-01   6.4332e-01  -6.1106e-01   0.0000e+00   0.0000e+00   0.0000e+00
Ar   8.5706e+00  -5.7137e+00   1.1427e+01   0.0000e+00   0.0000e+00   0.0000e+00   4.3506e-01   6.8418e-01  -3.9549e-01   4.3152e-01   0.0000e+00   0.0000e+00   0.0000e+00
Ar   1.1427e+01  -5.7137e+00   8.5706e+00   0.0000e+00   0.0000e+00   0.0000e+00   3.8949e-01  -9.1859e-01   5.8734e-02  -3.2366e-02   0.0000e+00   0.0000e+00   0.0000e+00
Ar   1.1427e+01  -8.5706e+00   1.1427e+01   0.0000e+00   0.0000e+00   0.0000e+00   6.6252e-01   2.8269e-01   1.8098e-01  -6.6962e-01   0.0000e+00   0.0000e+00   0.0000e+00
Ar  -1.4284e+01  -2.8569e+00   8.5706e+00   0.0000e+00   0.0000e+00   0.0000e+00   2.2907e-01   2.1199e-01   9.4420e-01   1.0527e-01   0.0000e+00   0.0000e+00   0.0000e+00
Ar  -1.4284e+01   0.0000e+00   1.1427e+01   0.0000e+00   0.0000e+00   0.0000e+00   5.7042e-01  -7.2924e-01   8.7975e-02   3.6755e-01   0.0000e+00   0.0000e+00   0.0000e+00
Ar  -1.1427e+01   0.0000e+00   8.5706e+00   0.0000e+00   0.0000e+00   0.0000e+00   8.8150e-01  -1.4279e-01   3.7201e-02   4.4854e-01   0.0000e+00   0.0000e+00   0.0000e+00
Ar  -1.1427e+01  -2.8569e+00   1.1427e+01   0.0000e+00   0.0000e+00   0.0000e+00   6.4971e-01   3.3662e-01  -5.5847e-01   3.9073e-01   0.0000e+00   0.0000e+00   0.0000e+00
Ar  -8.5706e+00  -2.8569e+00   8.5706e+00   0.0000e+00   0.0000e+00   0.0000e+00   3.7307e-01   1.4580e-01   4.1526e-02  -9.1533e-01   0.0000e+00   0.0000e+00   0.0000e+00
Ar  -8.5706e+00   0.0000e+00   1.1427e+01   0.0000e+00   0.0000e+00   0.0000e+00   5.2007e-01  -8.0709e-01   1.8335e-01   2.1099e-01   0.0000e+00   0.0000e+00   0.0000e+00
Ar  -5.7137e+00   0.0000e+00   8.5706e+00   0.0000e+00   0.0000e+00   0.0000e+00   2.7824e-01  -1.8598e-01   9.2765e-01  -1.6571e-01   0.0000e+00   0.0000e+00   0.0000e+00
Ar  -5.7137e+00  -2.8569e+00   1.1427e+01   0.0000e+00   0.0000e+00   0.0000e+00   1.0329e-01  -7.5123e-01  -6.1492e-01   2.1646e-01   0.0000e+00   0.0000e+00   0.0000e+00
Ar  -2.8569e+00  -2.8569e+00   8.5706e+00   0.0000e+00   0.0000e+00   0.0000e+00   1.4708e-02  -1.6467e-01   3.6120e-01  -9.1772e-01   0.0000e+00   0.0000e+00   0.0000e+00
Ar  -2.8569e+00   0.0000e+00   1.1427e+01   0.0000e+00   0.0000e+00   0.0000e+00   8.1411e-01  -2.2746e-01  -3.8693e-01  -3.6847e-01   0.0000e+00   0.0000e+00   0.0000e+00
Ar   0.0000e+00   0.0000e+00   8.5706e+00   0.0000e+00   0.0000e+00   0.0000e+00   5.5965e-01  -3.9262e-01  -5.1021e-01   5.2185e-01   0.0000e+00   0.0000e+00   0.0000e+00
Ar   0.0000e+00  -2.8569e+00   1.1427e+01   0.0000e+00   0.0000e+00   0.0000e+00   3.7720e-01  -7.1118e-01   4.2002e-01   4.1896e-01   0.0000e+00   0.0000e+00   0.0000e+00
Ar   2.8569e+00  -2.8569e+00   8.5706e+00   0.0000e+00   0.0000e+00   0.0000e+00   4.1212e-01   8.6910e-01   8.2521e-02  -2.6081e-01   0.0000e+00   0.0000e+00   0.0000e+00
Ar   2.8569e+00   0.0000e+00   1.1427e+01   0.0000e+00   0.0000e+00   0.0000e+00   6.8924e-03   9.9955e-02  -8.7475e-02  -9.9112e-01   0.0000e+00   0.0000e+00   0.0000e+00
Ar   5.7137e+00   0.0000e+00   8.5706e+00   0.0000e+00   0.0000e+00   0.0000e+00   6.7276e-01   1.1459e-01   4.0932e-02  -7.2979e-01   0.0000e+00   0.0000e+00   0.0000e+00
Ar   5.7137e+00  -2.8569e+00   1.1427e+01   0.0000e+00   0.0000e+00   0.0000e+00   8.8733e-01  -2.1035e-01  -2.0283e-01  -3.5673e-01   0.0000e+00   0.0000e+00   0.0000e+00
Ar   8.5706e+00  -2.8569e+00   8.5706e+00   0.0000e+00   0.0000e+00   0.0000e+00   7.4083e-01   1.3145e-01  -6.5787e-01   3.3157e-02   0.0000e+00   0.0000e+00   0.0000e+00
Ar   8.5706e+00   0.0000e+00   1.1427e+01   0.0000e+00   0.0000e+00   0.0000e+00   1.9664e-01   8.2644e-01  -4.6713e-01  -2.4519e-01   0.0000e+00   0.0000e+00   0.0000e+00
Ar   1.1427e+01   0.0000e+00   8.5706e+00   0.0000e+00   0.0000e+00   0.0000e+00   8.8407e-01   1.8230e-01  -3.8179e-01  -1.9857e-01   0.0000e+00   0.0000e+00   0.0000e+00
Ar   1.1427e+01  -2.8569e+00   1.1427e+01   0.0000e+00   0.0000e+00   0.0000e+00   8.4829e-01   5.1905e-01  -1.0454e-01  -8.3311e-03   0.0000e+00   0.0000e+00   0.0000e+00
Ar  -1.4284e+01   2.8569e+00   8.5706e+00   0.0000e+00   0.0000e+00   0.0000e+00   5.4849e-01  -4.6735e-01   3.3990e-01  -6.0433e-01   0.0000e+00   0.0000e+00   0.0000e+00
Ar  -1.4284e+01   5.7137e+00   1.1427e+01   0.0000e+00   0.0000e+00   0.0000e+00   4.3584e-01   5.5811e-01  -4.0079e-01   5.8131e-01   0.0000e+00   0.0000e+00   0.0000e+00
Ar  -1.1427e+01   5.7137e+00   8.5706e+00   0.0000e+00   0.0000e+00   0.0000e+00   6.8206e-01   6.7364e-01   9.5889e-02  -2.6798e-01   0.0000e+00   0.0000e+00   0.0000e+00
Ar  -1.1427e+01   2.8569e+00   1.1427e+01   0.0000e+00   0.0000e+00   0.0000e+00   8.8721e-02  -9.8698e-01   8.8077e-02   1.0115e-01   0.0000e+00   0.0000e+00   0.0000e+00
Ar  -8.5706e+00   2.8569e+00   8.5706e+00   0.0000e+00   0.0000e+00   0.0000e+00   5.7628e-01  -8.1127e-01   9.8034e-02  -1.1082e-02   0.0000e+00   0.0000e+00   0.0000e+00
Ar  -8.5706e+00   5.7137e+00   1.1427e+01   0.0000e+00   0.0000e+00   0.0000e+00   4.9462e-01  -6.5151e-01   4.7233e-01  -3.2830e-01   0.0000e+00   0.0000e+00   0.0000e+00
Ar  -5.7137e+00   5.7137e+00   8.5706e+00   0.0000e+00   0.0000e+00   0.0000e+00   2.0317e-01   6.0850e-01   7.6729e-02  -7.6326e-01   0.0000e+00   0.0000e+00   0.0000e+00
Ar  -5.7137e+00   2.8569e+00   1.1427e+01   0.0000e+00   0.0000e+00   0.0000e+00   4.1093e-01  -2.7409e-02   6.3395e-01   6.5460e-01   0.0000e+00   0.0000e+00   0.0000e+00
Ar  -2.8569e+00   2.8569e+00   8.5706e+00   0.0000e+00   0.0000e+00   0.0000e+00   1.3138e-01   6.2432e-01   3.6785e-01   6.7650e-01   0.0000e+00   0.0000e+00   0.0000e+00
Ar  -2.8569e+00   5.7137e+00   1.1427e+01   0.0000e+00   0.0000e+00   0.0000e+00   5.4556e-01   4.3570e-02  -4.5910e-01   6.9978e-01   0.0000e+00   0.0000e+00   0.0000e+00
Ar   0.0000e+00   5.7137e+00   8.5706e+00   0.0000e+00   0.0000e+00   0.0000e+00   4.9756e-01   6.5885e-01   2.0780e-01   5.2457e-01   0.0000e+00   0.0000e+00   0.0000e+00
Ar   0.0000e+00   2.8569e+00   1.1427e+01   0.0000e+00   0.0000e+00   0.0000e+00   6.0710e-01   7.3417e-01  -1.4341e-01  -2.6807e-01   0.0000e+00   0.0000e+00   0.0000e+00
Ar   2.8569e+00   2.8569e+00   8.5706e+00   0.0000e+00   0.0000e+00   0.0000e+00   6.5311e-01   5.7405e-01   2.7238e-01   4.1197e-01   0.0000e+00   0.0000e+00   0.0000e+00
Ar   2.8569e+00   5.7137e+00   1.1427e+01   0.0000e+00   0.0000e+00   0.0000e+00   4.4970e-02   8.5439e-01   4.8232e-01   1.8804e-01   0.0000e+00   0.0000e+00   0.0000e+00
Ar   5.7137e+00   5.7137e+00   8.5706e+00   0.0000e+00   0.0000e+00   0.0000e+00   1.9902e-01   5.1427e-01  -8.3175e-01  -6.4118e-02   0.0000e+00   0.0000e+00   0.0000e+00
Ar   5.7137e+00   2.8569e+00   1.1427e+01   0.0000e+00   0.0000e+00   0.0000e+00   6.3399e-01  -7.6708e-01   4.3939e-02   8.7866e-02   0.0000e+00   0.0000e+00   0.0000e+00
Ar   8.5706e+00   2.8569e+00   8.5706e+00   0.0000e+00   0.0000e+00   0.0000e+00   4.8466e-01  -6.6153e-01  -9.5391e-02   5.6426e-01   0.0000e+00   0.0000e+00   0.0000e+00
Ar   8.5706e+00   5.7137e+00   1.1427e+01   0.0000e+00   0.0000e+00   0.0000e+00   1.5092e-01   6.4005e-02   4.8853e-01   8.5701e-01   0.0000e+00   0.0000e+00   0.0000e+00
Ar   1.1427e+01   5.7137e+00   8.5706e+00   0.0000e+00   0.0000e+00   0.0000e+00   6.1156e-01  -5.5651e-01   4.9653e-01   2.6410e-01   0.0000e+00   0.0000e+00   0.0000e+00
Ar   1.1427e+01   2.8569e+00   1.1427e+01   0.0000e+00   0.0000e+00   0.0000e+00   6.2518e-01  -5.1275e-01   4.1126e-01  -4.2083e-01   0.0000e+00   0.0000e+00   0.0000e+00
Ar  -1.4284e+01   8.5706e+00   8.5706e+00   0.0000e+00   0.0000e+00   0.0000e+00   1.9490e-01  -4.9332e-01  -4.8122e-01  -6.9791e-01   0.0000e+00   0.0000e+00   0.0000e+00
Ar  -1.4284e+01   1.1427e+01   1.1427e+01   0.0000e+00   0.0000e+00   0.0000e+00   7.6044e-01   4.3775e-01   1.4015e-01   4.5877e-01   0.0000e+00   0.0000e+00   0.0000e+00
Ar  -1.1427e+01   1.1427e+01   8.5706e+00   0.0000e+00   0.0000e+00   0.0000e+00   6.4040e-01   4.9118e-01   2.2187e-01   5.4718e-01   0.0000e+00   0.0000e+00   0.0000e+00
Ar  -1.1427e+01   8.5706e+00   1.1427e+01   0.0000e+00   0.0000e+00   0.0000e+00   2.4191e-02  -1.9053e-01   4.3892e-01  -8.7776e-01   0.0000e+00   0.0000e+00   0.0000e+00
Ar  -8.5706e+00   8.5706e+00   8.5706e+00   0.0000e+00   0.0000e+00   0.0000e+00   5.5518e-01   7.5308e-01  -2.3353e-01  -2.6479e-01   0.0000e+00   0.0000e+00   0.0000e+00
Ar  -8.5706e+00   1.1427e+01   1.1427e+01   0.0000e+00   0.0000e+00   0.0000e+00   4.1679e-01   5.3097e-01   7.3757e-01   1.8984e-02   0.0000e+00   0.0000e+00   0.0000e+00
Ar  -5.7137e+00   1.1427e+01   8.5706e+00   0.0000e+00   0.0000e+00   0.0000e+00   4.9941e-01   7.4911e-01  -4.3446e-01   2.6006e-02   0.0000e+00   0.0000e+00   0.0000e+00
Ar  -5.7137e+00   8.5706e+00   1.1427e+01   0.0000e+00   0.0000e+00   0.0000e+00   8.7891e-01  -2.1728e-01  -4.1316e-01  -9.7969e-02   0.0000e+00   0.0000e+00   0.0000e+00
Ar  -2.8569e+00   8.5706e+00   8.5706e+00   0.0000e+00   0.0000e+00   0.0000e+00   7.6284e-01   3.5079e-01   1.2981e-01   5.2743e-01   0.0000e+00   0.0000e+00   0.0000e+00
Ar  -2.8569e+00   1.1427e+01   1.1427e+01   0.0000e+00   0.0000e+00   0.0000e+00   9.6993e-02   5.3339e-01  -8.2232e-01  -1.7287e-01   0.0000e+00   0.0000e+00   0.0000e+00
Ar   0.0000e+00   1.1427e+01   8.5706e+00   0.0000e+00   0.0000e+00   0.0000e+00   4.9724e-01  -3.0987e-01  -7.2406e-01  -3.6396e-01   0.0000e+00   0.0000e+00   0.0000e+00
Ar   0.0000e+00   8.5706e+00   1.1427e+01   0.0000e+00   0.0000e+00   0.0000e+00   2.7334e-01   9.3839e-01  -1.2134e-01  -1.7319e-01   0.0000e+00   0.0000e+00   0.0000e+00
Ar   2.8569e+00   8.5706e+00   8.5706e+00   0.0000e+00   0.0000e+00   0.0000e+00   2.6307e-01  -1.3790e-02   6.1823e-01   7.4054e-01   0.0000e+00   0.0000e+00   0.0000e+00
Ar   2.8569e+00   1.1427e+01   1.1427e+01   0.0000e+00   0.0000e+00   0.0000e+00   2.5533e-01  -7.3882e-01   2.5649e-01   5.6848e-01   0.0000e+00   0.0000e+00   0.0000e+00
Ar   5.7137e+00   1.1427e+01   8.5706e+00   0.0000e+00   0.0000e+00   0.0000e+00   3.9079e-01   4.3509e-01  -5.0677e-01   6.3337e-01   0.0000e+00   0.0000e+00   0.0000e+00
Ar   5.7137e+00   8.5706e+00   1.1427e+01   0.0000e+00   0.0000e+00   0.0000e+00   9.2462e-01   4.1757e-02  -2.5094e-01  -2.8347e-01   0.0000e+00   0.0000e+00   0.0000e+00
Ar   8.5706e+00   8.5706e+00   8.5706e+00   0.0000e+00   0.0000e+00   0.0000e+00   8.2521e-01   3.4473e-02  -2.2238e-02  -5.6333e-01   0.0000e+00   0.0000e+00   0.0000e+00
Ar   8.5706e+00   1.1427e+01   1.1427e+01   0.0000e+00   0.0000e+00   0.0000e+00   6.0935e-01  -4.3852e-01  -5.0003e-01  -4.3169e-01   0.0000e+00   0.0000e+00   0.0000e+00
Ar   1.1427e+01   1.1427e+01   8.5706e+00   0.0000e+00   0.0000e+00   0.0000e+00   2.6964e-01   6.1836e-01   7.3599e-01   5.6919e-02   0.0000e+00   0.0000e+00   0.0000e+00
Ar   1.1427e+01   8.5706e+00   1.1427e+01   0.0000e+00   0.0000e+00   0.0000e+00   8.5045e-01  -1.3455e-01  -3.7913e-01   3.3896e-01   0.0000e+00   0.0000e+00   0.0000e+00
