108
0;	17.1431	0	0;	0	17.1431	0;	0	0	17.1431;
Ar	1.012626	-0.117121	-0.582960	-0.002779	-0.000474	0.003745	0.0	0.0	0.0	0.0	0.0	0.0	0.0
Ar	3.333614	2.448988	0.290653	0.000352	0.001080	0.000766	0.0	0.0	0.0	0.0	0.0	0.0	0.0
Ar	-0.142696	2.632760	1.774969	-0.002645	0.001331	-0.001590	0.0	0.0	0.0	0.0	0.0	0.0	0.0
Ar	2.258165	0.082854	2.865801	0.001876	-0.000449	0.000254	0.0	0.0	0.0	0.0	0.0	0.0	0.0
Ar	-0.597300	0.826776	5.410843	0.000231	0.001503	0.001961	0.0	0.0	0.0	0.0	0.0	0.0	0.0
Ar	1.831497	2.975482	6.054888	-0.002790	-0.001212	-0.001900	0.0	0.0	0.0	0.0	0.0	0.0	0.0
Ar	0.677293	2.173889	9.308338	-0.001919	-0.002530	0.000160	0.0	0.0	0.0	0.0	0.0	0.0	0.0
Ar	2.712353	-1.058929	9.271634	0.001633	0.000067	-0.002410	0.0	0.0	0.0	0.0	0.0	0.0	0.0
Ar	-0.219978	-0.580745	11.316337	0.000539	-0.001885	0.001415	0.0	0.0	0.0	0.0	0.0	0.0	0.0
Ar	2.998410	3.458163	11.643155	-0.000007	0.002796	0.000746	0.0	0.0	0.0	0.0	0.0	0.0	0.0
Ar	-0.174439	2.294757	13.534695	-0.000563	-0.001562	-0.001309	0.0	0.0	0.0	0.0	0.0	0.0	0.0
Ar	3.830565	-0.078228	15.051064	0.000498	0.000777	0.001398	0.0	0.0	0.0	0.0	0.0	0.0	0.0
Ar	-0.334391	5.264623	-0.433242	-0.000436	0.002457	0.000612	0.0	0.0	0.0	0.0	0.0	0.0	0.0
Ar	2.511932	8.276077	0.074461	-0.001883	-0.000169	0.000527	0.0	0.0	0.0	0.0	0.0	0.0	0.0
Ar	0.025810	10.119120	2.375356	-0.001076	-0.000784	-0.001490	0.0	0.0	0.0	0.0	0.0	0.0	0.0
Ar	2.994394	5.721626	2.657790	-0.002664	-0.002913	-0.001646	0.0	0.0	0.0	0.0	0.0	0.0	0.0
Ar	0.320696	6.647778	5.099935	0.000873	0.004017	0.000748	0.0	0.0	0.0	0.0	0.0	0.0	0.0
Ar	3.142674	8.533196	6.526666	0.002707	-0.000306	-0.001607	0.0	0.0	0.0	0.0	0.0	0.0	0.0
Ar	0.166070	9.661050	8.770818	-0.001773	-0.000171	-0.002436	0.0	0.0	0.0	0.0	0.0	0.0	0.0
Ar	2.413982	5.815471	9.130208	-0.001725	-0.001528	0.001155	0.0	0.0	0.0	0.0	0.0	0.0	0.0
Ar	-0.957337	5.042937	10.842090	0.002214	0.003193	0.001478	0.0	0.0	0.0	0.0	0.0	0.0	0.0
Ar	3.909093	8.562991	11.538046	-0.000257	-0.004364	0.000398	0.0	0.0	0.0	0.0	0.0	0.0	0.0
Ar	-0.288910	7.528485	13.978860	-0.000765	-0.002552	-0.000129	0.0	0.0	0.0	0.0	0.0	0.0	0.0
Ar	2.849106	5.546767	14.845168	0.000912	-0.000986	0.001379	0.0	0.0	0.0	0.0	0.0	0.0	0.0
Ar	-0.256996	10.472728	-0.916031	0.000825	-0.000511	0.000451	0.0	0.0	0.0	0.0	0.0	0.0	0.0
Ar	2.945464	14.234977	0.086300	-0.001300	0.002295	0.003083	0.0	0.0	0.0	0.0	0.0	0.0	0.0
Ar	0.311311	13.620832	2.993768	0.001176	-0.002952	0.000125	0.0	0.0	0.0	0.0	0.0	0.0	0.0
Ar	3.337067	12.036989	2.925010	0.001978	0.000785	0.000192	0.0	0.0	0.0	0.0	0.0	0.0	0.0
Ar	0.094459	11.569355	5.891582	0.001025	0.001265	-0.001535	0.0	0.0	0.0	0.0	0.0	0.0	0.0
Ar	1.573350	15.119531	5.816944	-0.000134	0.000380	0.002649	0.0	0.0	0.0	0.0	0.0	0.0	0.0
Ar	-0.243805	13.988948	8.605960	-0.001265	0.002302	-0.000598	0.0	0.0	0.0	0.0	0.0	0.0	0.0
Ar	3.700451	11.389051	9.411774	0.000448	-0.002352	-0.000565	0.0	0.0	0.0	0.0	0.0	0.0	0.0
Ar	1.089954	11.845551	11.400332	0.001200	-0.000601	0.000365	0.0	0.0	0.0	0.0	0.0	0.0	0.0
Ar	3.813617	14.101522	12.232472	0.000841	0.001371	0.000980	0.0	0.0	0.0	0.0	0.0	0.0	0.0
Ar	0.309019	14.590027	14.109671	0.000610	-0.000949	-0.002224	0.0	0.0	0.0	0.0	0.0	0.0	0.0
Ar	3.648504	10.962774	14.029705	0.002697	-0.002689	-0.000230	0.0	0.0	0.0	0.0	0.0	0.0	0.0
Ar	6.560756	-0.120257	-0.037335	0.000470	0.002699	0.000587	0.0	0.0	0.0	0.0	0.0	0.0	0.0
Ar	8.274152	2.827511	-0.388637	-0.000672	0.001176	-0.001986	0.0	0.0	0.0	0.0	0.0	0.0	0.0
Ar	5.102920	3.173346	3.551963	0.001154	0.000937	0.001560	0.0	0.0	0.0	0.0	0.0	0.0	0.0
Ar	8.268822	0.054610	3.591502	-0.000816	-0.000438	-0.001517	0.0	0.0	0.0	0.0	0.0	0.0	0.0
Ar	4.805326	0.201183	6.122358	-0.000040	0.000634	-0.001838	0.0	0.0	0.0	0.0	0.0	0.0	0.0
Ar	8.086377	2.916935	5.534707	0.001454	0.000274	-0.000132	0.0	0.0	0.0	0.0	0.0	0.0	0.0
Ar	5.352439	3.670530	8.452231	0.000007	0.000174	-0.000878	0.0	0.0	0.0	0.0	0.0	0.0	0.0
Ar	7.769881	0.864288	8.651854	0.002142	-0.001335	0.001056	0.0	0.0	0.0	0.0	0.0	0.0	0.0
Ar	5.527369	0.491213	11.326557	-0.000053	0.001358	-0.001040	0.0	0.0	0.0	0.0	0.0	0.0	0.0
Ar	9.288215	1.970066	11.598072	0.001968	-0.000081	-0.001609	0.0	0.0	0.0	0.0	0.0	0.0	0.0
Ar	5.377162	3.205091	14.339674	-0.000128	0.000339	-0.000304	0.0	0.0	0.0	0.0	0.0	0.0	0.0
Ar	8.388905	-0.010605	14.232112	0.000347	0.000684	0.000247	0.0	0.0	0.0	0.0	0.0	0.0	0.0
Ar	5.698404	5.383852	0.623183	0.000208	-0.002614	-0.000629	0.0	0.0	0.0	0.0	0.0	0.0	0.0
Ar	8.057789	7.677149	0.259358	-0.002772	0.001670	0.001099	0.0	0.0	0.0	0.0	0.0	0.0	0.0
Ar	5.584626	8.283784	2.686340	-0.000218	0.002658	-0.000125	0.0	0.0	0.0	0.0	0.0	0.0	0.0
Ar	8.892524	4.849453	2.952673	-0.001843	-0.000462	0.000140	0.0	0.0	0.0	0.0	0.0	0.0	0.0
Ar	6.015614	6.040359	5.680563	0.000984	0.000226	-0.000496	0.0	0.0	0.0	0.0	0.0	0.0	0.0
Ar	7.010260	10.231306	6.260881	-0.000842	-0.001576	0.000946	0.0	0.0	0.0	0.0	0.0	0.0	0.0
Ar	6.263000	7.779661	8.979243	-0.001716	0.000945	0.000389	0.0	0.0	0.0	0.0	0.0	0.0	0.0
Ar	8.881437	5.187757	8.459460	-0.000419	0.001000	0.000354	0.0	0.0	0.0	0.0	0.0	0.0	0.0
Ar	6.118838	5.155257	11.289875	0.001111	0.002918	-0.000523	0.0	0.0	0.0	0.0	0.0	0.0	0.0
Ar	9.856862	8.533675	10.690271	0.000812	0.002389	0.002282	0.0	0.0	0.0	0.0	0.0	0.0	0.0
Ar	5.629109	7.430840	14.727695	0.001088	0.000384	0.000811	0.0	0.0	0.0	0.0	0.0	0.0	0.0
Ar	8.725957	5.714425	13.875294	0.000977	-0.002543	-0.000295	0.0	0.0	0.0	0.0	0.0	0.0	0.0
Ar	5.249041	10.719522	0.029992	0.001062	0.001126	-0.001072	0.0	0.0	0.0	0.0	0.0	0.0	0.0
Ar	9.612061	14.822379	0.824556	0.001754	-0.001957	-0.000537	0.0	0.0	0.0	0.0	0.0	0.0	0.0
Ar	5.526259	14.376458	3.341998	-0.000681	0.000534	-0.002543	0.0	0.0	0.0	0.0	0.0	0.0	0.0
Ar	8.252704	11.936417	2.823153	0.001324	0.000913	-0.000428	0.0	0.0	0.0	0.0	0.0	0.0	0.0
Ar	4.127320	12.869712	6.282110	0.000003	0.001402	-0.000718	0.0	0.0	0.0	0.0	0.0	0.0	0.0
Ar	8.255577	14.463279	6.296057	0.001235	0.000024	-0.001523	0.0	0.0	0.0	0.0	0.0	0.0	0.0
Ar	5.811773	14.624799	9.219007	-0.002262	-0.003237	-0.001860	0.0	0.0	0.0	0.0	0.0	0.0	0.0
Ar	9.555069	11.334202	8.248991	-0.000726	0.000008	-0.001472	0.0	0.0	0.0	0.0	0.0	0.0	0.0
Ar	6.964120	10.931958	11.154364	0.001491	0.000976	-0.000438	0.0	0.0	0.0	0.0	0.0	0.0	0.0
Ar	8.875298	14.391489	10.786899	0.003275	0.002185	0.004066	0.0	0.0	0.0	0.0	0.0	0.0	0.0
Ar	6.552771	13.660835	15.003521	-0.002438	0.000140	-0.000288	0.0	0.0	0.0	0.0	0.0	0.0	0.0
Ar	8.549633	10.455755	14.767936	-0.000998	-0.000436	0.001637	0.0	0.0	0.0	0.0	0.0	0.0	0.0
Ar	11.534878	0.452126	-0.842571	0.002005	-0.002355	0.000161	0.0	0.0	0.0	0.0	0.0	0.0	0.0
Ar	14.286555	2.413645	-1.237791	0.000903	-0.000604	0.001157	0.0	0.0	0.0	0.0	0.0	0.0	0.0
Ar	11.199531	2.221925	1.853502	-0.002683	0.001010	0.001747	0.0	0.0	0.0	0.0	0.0	0.0	0.0
Ar	14.659031	-0.265361	2.178353	-0.000147	-0.002660	-0.000937	0.0	0.0	0.0	0.0	0.0	0.0	0.0
Ar	13.105946	1.978743	4.543231	0.000805	0.000806	-0.000917	0.0	0.0	0.0	0.0	0.0	0.0	0.0
Ar	15.126326	3.774111	7.174575	-0.001241	0.002485	0.001717	0.0	0.0	0.0	0.0	0.0	0.0	0.0
Ar	11.242292	2.663211	8.565186	0.002025	-0.000065	-0.000292	0.0	0.0	0.0	0.0	0.0	0.0	0.0
Ar	13.665103	0.169402	8.239239	0.000046	0.002782	-0.001907	0.0	0.0	0.0	0.0	0.0	0.0	0.0
Ar	11.460788	-0.638794	12.387694	0.001512	0.001341	-0.000818	0.0	0.0	0.0	0.0	0.0	0.0	0.0
Ar	14.269468	2.048059	11.607201	-0.005293	-0.001227	0.003139	0.0	0.0	0.0	0.0	0.0	0.0	0.0
Ar	11.199256	3.095830	14.322731	-0.003241	0.000474	0.001484	0.0	0.0	0.0	0.0	0.0	0.0	0.0
Ar	14.458510	-0.392267	14.013448	0.000044	0.000817	-0.000746	0.0	0.0	0.0	0.0	0.0	0.0	0.0
Ar	11.808848	5.128811	0.213271	0.001030	0.001284	-0.001241	0.0	0.0	0.0	0.0	0.0	0.0	0.0
Ar	14.124804	8.329053	0.347723	-0.001311	-0.000173	-0.002371	0.0	0.0	0.0	0.0	0.0	0.0	0.0
Ar	10.865366	8.801039	2.919093	0.001004	-0.002933	0.000277	0.0	0.0	0.0	0.0	0.0	0.0	0.0
Ar	14.647288	5.305829	2.657213	0.001129	-0.001816	0.002039	0.0	0.0	0.0	0.0	0.0	0.0	0.0
Ar	11.921946	5.416675	5.866698	-0.001292	-0.002397	0.000536	0.0	0.0	0.0	0.0	0.0	0.0	0.0
Ar	14.201551	9.043037	4.842900	0.002042	0.000816	-0.000740	0.0	0.0	0.0	0.0	0.0	0.0	0.0
Ar	10.021840	8.187810	6.372648	0.002931	-0.000083	0.003056	0.0	0.0	0.0	0.0	0.0	0.0	0.0
Ar	14.802961	7.108016	7.777867	0.001486	0.000761	0.001333	0.0	0.0	0.0	0.0	0.0	0.0	0.0
Ar	11.660731	4.940758	10.938249	0.000342	-0.001818	-0.002132	0.0	0.0	0.0	0.0	0.0	0.0	0.0
Ar	14.041291	8.994877	11.596204	0.000504	-0.000307	-0.003271	0.0	0.0	0.0	0.0	0.0	0.0	0.0
Ar	11.993852	8.277129	14.739459	0.000225	0.000107	-0.002673	0.0	0.0	0.0	0.0	0.0	0.0	0.0
Ar	13.773937	5.790119	13.633849	-0.000216	0.002509	-0.001649	0.0	0.0	0.0	0.0	0.0	0.0	0.0
Ar	11.276155	11.977710	-0.009130	0.000110	0.000980	0.000528	0.0	0.0	0.0	0.0	0.0	0.0	0.0
Ar	13.805842	14.209721	0.319118	0.000355	-0.002276	-0.000222	0.0	0.0	0.0	0.0	0.0	0.0	0.0
Ar	11.462834	15.501085	3.594934	0.002072	0.000245	0.004458	0.0	0.0	0.0	0.0	0.0	0.0	0.0
Ar	13.511288	12.024046	3.101920	-0.001722	0.000548	-0.000150	0.0	0.0	0.0	0.0	0.0	0.0	0.0
Ar	11.158048	11.518529	5.405592	0.001294	-0.000217	-0.000501	0.0	0.0	0.0	0.0	0.0	0.0	0.0
Ar	14.332790	14.475480	6.137423	0.000081	0.001185	0.000796	0.0	0.0	0.0	0.0	0.0	0.0	0.0
Ar	11.261677	14.699702	8.279857	0.000684	-0.000741	-0.000940	0.0	0.0	0.0	0.0	0.0	0.0	0.0
Ar	13.558249	10.810157	8.324759	-0.004073	0.000892	0.001349	0.0	0.0	0.0	0.0	0.0	0.0	0.0
Ar	11.090678	11.664875	12.020252	-0.000093	-0.003756	-0.000437	0.0	0.0	0.0	0.0	0.0	0.0	0.0
Ar	14.526208	13.582357	10.888594	-0.001723	-0.002148	-0.001533	0.0	0.0	0.0	0.0	0.0	0.0	0.0
Ar	10.509987	13.918961	14.563391	-0.001990	-0.001523	0.001689	0.0	0.0	0.0	0.0	0.0	0.0	0.0
Ar	14.409635	12.403795	13.931267	-0.002499	0.001285	0.000170	0.0	0.0	0.0	0.0	0.0	0.0	0.0
