256
20000;	19.713	0	0;	0	19.713	0;	0	0	19.713;
TIP4P_RB_0	-13.918126	-9.532354	-9.870907	-0.000993	-0.002397	-0.001573	0.507275	-0.707541	0.314825	-0.378079	0.001549	0.003620	0.010091
TIP4P_RB_0	-19.481854	-8.155710	-3.253424	-0.002782	-0.000660	0.004056	0.009326	0.185828	-0.979355	-0.079030	-0.000629	-0.011341	-0.019011
TIP4P_RB_0	-13.946671	-11.078283	-1.209695	0.002557	-0.001394	-0.001485	0.733924	-0.046032	0.568307	0.369140	-0.005753	-0.014500	0.003413
TIP4P_RB_0	-13.485138	-2.016395	-10.456715	-0.001948	0.001813	0.002672	0.509583	0.590702	-0.476866	-0.404962	-0.002625	0.003734	-0.018209
TIP4P_RB_0	-5.597899	5.650991	-20.400002	-0.008359	0.002892	0.000734	0.115702	0.719318	-0.647822	-0.222533	-0.024134	0.008735	0.033218
TIP4P_RB_0	-11.089212	-9.453815	1.685241	-0.002491	-0.002281	-0.004921	0.251430	0.084478	0.609764	0.746883	-0.025180	-0.007950	-0.010104
TIP4P_RB_0	-10.444242	-15.128951	-15.752216	0.004540	-0.003375	-0.005400	0.294195	0.087057	-0.038106	0.951009	0.039754	0.005119	0.024623
TIP4P_RB_0	3.317776	-1.337548	5.318506	0.003766	0.008351	0.000397	0.102309	0.977591	-0.074131	0.168385	0.019247	-0.007325	0.002420
TIP4P_RB_0	-4.607970	-12.518531	4.478691	0.003551	-0.001679	-0.001854	0.612048	0.205837	0.016755	-0.763379	0.021759	-0.001230	-0.001353
TIP4P_RB_0	-9.299621	-11.718563	-8.669747	-0.002625	-0.002330	0.000890	0.121280	-0.944909	0.299449	0.052612	0.039551	-0.021479	0.014486
TIP4P_RB_0	-2.724246	-8.727553	-20.443533	0.006268	0.006045	0.005357	0.054790	-0.122196	0.449585	0.883142	-0.029562	0.001361	-0.010116
TIP4P_RB_0	3.568553	-22.345322	-9.499167	0.003037	-0.002844	0.006664	0.299946	0.829194	-0.318348	-0.348031	-0.038989	0.006094	-0.030288
TIP4P_RB_0	2.394994	-7.571198	-31.346662	-0.000686	0.005242	0.005844	0.866840	-0.011313	0.472930	-0.157472	0.014949	0.004655	0.020169
TIP4P_RB_0	5.483833	-8.065616	-15.101809	0.008606	-0.001970	-0.004004	0.529237	0.635457	-0.538967	-0.160056	0.002122	0.012122	0.010746
TIP4P_RB_0	4.112928	-1.059971	-11.868027	-0.002349	0.003038	0.002341	0.269182	-0.869817	0.410478	-0.049672	-0.008154	0.011168	0.011942
TIP4P_RB_0	25.829212	-3.898395	-6.074442	0.012966	-0.001450	-0.002595	0.412253	-0.535897	-0.018308	0.736564	0.018169	0.008335	0.016314
TIP4P_RB_0	-15.110425	-16.323314	10.862026	0.000641	0.000493	0.002787	0.595999	-0.207008	0.738790	-0.236900	-0.011376	0.005776	-0.019088
TIP4P_RB_0	1.231920	-14.818381	-6.071994	-0.002099	-0.002309	0.000717	0.306192	-0.570608	-0.672688	-0.357972	0.006696	0.001542	0.008215
TIP4P_RB_0	6.436876	0.141788	0.778156	-0.000356	0.004290	-0.003744	0.039155	-0.778088	0.267832	0.566844	-0.019996	0.008773	0.013837
TIP4P_RB_0	-3.216006	-8.602252	-4.950282	-0.000525	0.004335	0.001596	0.296020	0.068995	0.263169	0.915617	-0.024479	-0.013561	0.014089
TIP4P_RB_0	-7.005391	-12.213400	-14.049853	-0.003081	-0.001493	0.000049	0.104727	0.063579	-0.220423	0.967679	0.003770	0.007984	0.010810
TIP4P_RB_0	-8.437161	2.564279	-5.725857	0.002519	-0.000183	0.004563	0.661600	0.195426	0.362220	-0.626810	-0.011677	0.003393	-0.006594
TIP4P_RB_0	-11.311901	-3.321411	-10.010777	0.000923	0.001161	-0.007723	0.689225	0.033457	-0.694024	0.205376	-0.041047	-0.003283	-0.011864
TIP4P_RB_0	-0.202349	-18.567658	-5.008206	0.002302	0.002572	-0.002615	0.268130	0.253487	0.917587	-0.147934	-0.020769	-0.003280	0.010977
TIP4P_RB_0	-4.718267	-5.705897	0.157936	-0.004609	-0.006507	0.003863	0.394008	-0.097972	-0.411651	0.815906	-0.009919	-0.004087	0.051694
TIP4P_RB_0	5.870889	-1.789255	-4.442291	-0.008986	0.000397	-0.004010	0.582113	-0.216855	0.455173	0.637915	0.032235	-0.002947	0.007963
TIP4P_RB_0	-12.736961	7.345559	-24.460622	-0.002393	0.001805	-0.001610	0.320313	0.860429	0.270347	0.289781	-0.014242	-0.004094	0.017744
TIP4P_RB_0	11.702945	-0.842413	-14.102091	-0.003825	-0.001469	0.004644	0.249663	0.114389	0.932290	-0.235414	-0.016492	-0.004848	-0.014311
TIP4P_RB_0	-5.589202	-6.056625	-28.229721	-0.002368	0.002945	-0.003408	0.503776	-0.266188	0.635469	0.521088	0.016055	-0.000071	0.009171
TIP4P_RB_0	0.486158	-2.658354	-19.144532	0.004947	-0.006564	0.009425	0.371572	-0.199967	0.795847	-0.434253	0.018357	0.009749	-0.020366
TIP4P_RB_0	8.388377	-17.315561	5.268302	-0.004421	-0.008596	-0.002948	0.285458	0.806437	0.138795	-0.498908	0.045604	-0.008579	-0.031559
TIP4P_RB_0	1.795655	3.453365	2.644033	0.005038	-0.003375	-0.006610	0.614425	-0.159810	-0.410891	0.654302	0.020535	-0.002062	-0.005070
TIP4P_RB_0	-23.753800	-8.937870	-18.119562	0.000331	-0.002283	-0.004038	0.770111	0.530728	-0.101310	-0.339105	0.030845	0.018644	0.019412
TIP4P_RB_0	-9.178080	-1.868241	-5.845135	0.004580	0.003382	-0.002632	0.204162	-0.726933	0.625427	0.196792	-0.021609	-0.003646	0.012783
TIP4P_RB_0	-11.579404	-8.616679	-15.554397	0.004644	0.006042	0.001102	0.035074	0.695026	0.109138	-0.709787	0.048172	0.018728	-0.027080
TIP4P_RB_0	-3.601819	-14.937549	-16.207257	-0.000840	0.001957	-0.002098	0.807418	-0.295417	0.378516	0.342826	-0.018069	-0.013106	-0.011035
TIP4P_RB_0	-12.434971	-5.775508	-9.547925	0.003715	-0.003342	-0.005567	0.738119	0.160451	-0.227279	0.614638	-0.007880	-0.009871	0.001996
TIP4P_RB_0	-1.552122	5.089453	-6.519230	0.002193	-0.000332	0.000248	0.448407	-0.315801	-0.597946	0.584518	0.026484	0.002371	-0.017987
TIP4P_RB_0	-7.347020	-3.640187	-4.455179	0.006103	-0.002888	0.000227	0.076322	0.192649	-0.976902	0.052186	0.004018	0.004748	0.006089
TIP4P_RB_0	-12.615927	-1.880660	-16.961290	0.000573	0.001003	-0.000253	0.694787	-0.688710	0.206631	0.015922	-0.029389	-0.011088	-0.016439
TIP4P_RB_0	-0.618781	8.135343	-18.160288	0.001433	-0.009164	0.002148	0.165615	0.379096	-0.777240	0.474084	0.025997	-0.003234	0.003345
TIP4P_RB_0	2.981107	0.175095	10.307284	-0.003145	0.000665	-0.007071	0.648122	0.610235	0.272554	0.365055	0.018907	0.010199	-0.017444
TIP4P_RB_0	12.229360	-2.833768	-19.487370	-0.001595	-0.001296	-0.000419	0.286367	0.674409	-0.229820	0.640585	-0.027361	-0.003266	-0.014250
TIP4P_RB_0	2.386540	-11.673506	-0.783886	-0.002055	-0.002295	0.001813	0.496278	-0.747640	0.163363	-0.409945	-0.020026	-0.001361	-0.041115
TIP4P_RB_0	-0.127646	8.481081	-12.380639	-0.002407	0.000923	-0.001455	0.062016	0.882540	0.322792	0.336276	0.017577	-0.005521	0.012214
TIP4P_RB_0	8.061017	-2.111359	-7.423338	0.008401	0.001924	0.000639	0.187687	-0.324508	-0.704488	0.602631	0.003112	0.004826	-0.006545
TIP4P_RB_0	18.002817	8.872147	-6.308631	0.006342	-0.002406	-0.003725	0.873456	-0.085398	-0.469745	-0.095512	-0.020054	0.018990	-0.012478
TIP4P_RB_0	9.245194	2.964644	1.714768	-0.002352	0.005483	0.005292	0.238406	0.077430	-0.767829	-0.589581	-0.012481	-0.001896	0.002464
TIP4P_RB_0	-13.995853	3.085775	-15.381636	-0.002633	-0.005072	-0.002584	0.003236	0.249148	0.930376	-0.268914	-0.026201	-0.014763	-0.022551
TIP4P_RB_0	-4.596007	3.760333	-18.587734	-0.001939	0.000723	0.001899	0.159119	-0.159675	-0.667811	-0.709375	0.023261	-0.008088	0.005266
TIP4P_RB_0	-5.380152	4.277235	-11.434417	0.008105	0.005847	0.001367	0.282397	0.847804	0.444034	0.065680	-0.029512	0.006384	0.015218
TIP4P_RB_0	-6.069339	4.261838	-3.514456	-0.001515	-0.001910	0.003497	0.456965	0.613250	-0.188865	-0.615985	-0.001057	-0.008823	0.000817
TIP4P_RB_0	-22.312869	13.782164	-1.771840	0.002141	0.002528	0.001871	0.709018	-0.180778	0.003649	0.681615	0.013364	-0.017758	-0.018861
TIP4P_RB_0	-21.113737	18.589144	-15.266890	-0.006332	0.000944	0.002612	0.238179	0.275122	0.647574	0.669497	0.014714	0.020558	0.028486
TIP4P_RB_0	6.895160	5.168673	-10.868488	0.005091	0.003729	0.002257	0.511863	0.101497	-0.807372	-0.275400	0.000246	-0.010119	-0.005376
TIP4P_RB_0	0.626084	6.888296	-2.893058	0.003010	-0.000133	0.004923	0.545271	-0.765403	0.333643	-0.074299	-0.022459	0.005280	-0.002853
TIP4P_RB_0	-13.228427	0.538570	-12.072660	-0.001619	-0.001708	-0.005040	0.856697	-0.039615	0.510679	0.060898	-0.012200	0.037429	0.006067
TIP4P_RB_0	12.944520	0.710539	3.723443	0.002548	-0.002930	0.003502	0.333156	-0.450937	0.821890	0.100793	0.007144	-0.004653	0.007567
TIP4P_RB_0	-4.116790	-1.273132	-15.120415	-0.000200	0.008029	0.007219	0.321608	-0.610553	0.703385	-0.170416	0.002541	-0.000435	0.023890
TIP4P_RB_0	-3.070044	1.489646	-18.325122	0.003067	0.000070	-0.003897	0.267442	-0.903413	-0.332928	0.038442	0.004182	0.006111	0.003321
TIP4P_RB_0	20.982802	0.308671	-1.677016	0.004765	-0.006080	0.002064	0.170167	0.975785	0.079674	0.111980	-0.006343	0.011466	0.006953
TIP4P_RB_0	-6.911183	-0.380799	13.072786	0.005769	-0.000966	-0.002581	0.526839	-0.834440	0.144496	-0.072610	0.008710	-0.006097	0.015963
TIP4P_RB_0	2.304917	2.625771	-9.748008	0.003115	-0.001752	-0.002821	0.761625	0.184793	0.601106	-0.156368	-0.006211	-0.005034	0.039756
TIP4P_RB_0	15.449209	7.968149	-5.490066	-0.002995	-0.001349	0.002525	0.977963	-0.036757	-0.083880	0.187620	-0.034872	0.004647	-0.027911
TIP4P_RB_0	-15.002183	-3.878756	-2.670721	0.006892	-0.000010	-0.000826	0.742370	0.103296	0.581535	0.316282	-0.007481	0.014224	-0.008710
TIP4P_RB_0	-5.612125	0.657246	-1.912991	0.006561	0.002867	0.004707	0.853952	0.126358	-0.430797	-0.263085	0.003149	-0.000524	0.012129
TIP4P_RB_0	-8.994242	-8.556237	5.108083	-0.000234	0.005987	-0.002334	0.136761	0.709318	-0.682841	-0.109051	-0.001717	0.004340	-0.027798
TIP4P_RB_0	6.037366	5.641092	2.011125	0.000052	-0.001821	0.000739	0.756576	-0.531911	-0.166165	-0.342128	-0.017974	0.000963	0.035725
TIP4P_RB_0	-7.196285	-19.424507	-9.176870	0.001620	-0.004811	-0.000041	0.392693	-0.808263	-0.427560	0.098472	0.002880	0.000111	0.006287
TIP4P_RB_0	-29.038349	7.875339	-5.531640	0.004083	0.003137	-0.004676	0.551876	-0.672626	0.491804	0.033695	0.006752	-0.016685	0.007596
TIP4P_RB_0	10.026441	-8.677875	-4.895476	-0.002924	0.002269	-0.001519	0.534300	0.514026	0.360431	-0.566030	0.038929	0.003640	0.023362
TIP4P_RB_0	2.848085	-9.946646	-10.299586	-0.010349	0.000771	-0.000946	0.460025	0.474216	0.709534	0.245069	-0.012986	0.023258	-0.007160
TIP4P_RB_0	-20.903806	-21.243802	-31.430666	-0.003000	0.002462	-0.003903	0.445618	0.029973	0.059633	0.892732	0.021751	0.012366	0.001444
TIP4P_RB_0	3.250776	-11.032064	6.562405	0.001803	-0.000473	-0.003215	0.525834	-0.444453	0.693758	0.211327	0.010887	0.013819	0.004596
TIP4P_RB_0	12.008596	-1.057558	-2.178564	-0.001854	-0.000984	0.008618	0.780412	0.562671	-0.219615	-0.161642	0.004545	-0.002622	-0.002679
TIP4P_RB_0	11.082001	-15.635873	-9.883531	-0.007086	0.005091	0.003760	0.180332	0.347870	-0.869212	-0.301557	0.018469	0.019822	-0.012025
TIP4P_RB_0	8.048390	-4.197272	-18.960064	-0.001923	0.004422	-0.002111	0.912206	-0.378152	-0.091835	-0.128252	0.003379	-0.000519	-0.017810
TIP4P_RB_0	-0.612933	-16.271857	-18.114695	-0.001773	-0.000478	0.002417	0.220157	0.440822	-0.627570	-0.602796	-0.004112	-0.014984	0.010122
TIP4P_RB_0	4.570414	5.696401	-0.241099	0.002493	0.003299	-0.001799	0.082836	0.422943	0.482048	0.762815	0.003421	0.008582	0.004522
TIP4P_RB_0	18.178410	4.129223	-14.525198	0.001298	0.008625	0.000694	0.942977	-0.100815	-0.317018	-0.011419	0.022797	-0.017797	-0.024135
TIP4P_RB_0	4.766820	7.789991	3.745055	0.002045	-0.000484	-0.000914	0.438316	-0.118021	-0.080066	0.887434	-0.015308	-0.020558	0.001796
TIP4P_RB_0	1.427165	4.374145	-3.291740	0.004191	0.005583	0.000026	0.147049	0.238837	-0.797852	-0.533634	-0.023286	0.002531	-0.012013
TIP4P_RB_0	-0.328537	-4.933015	5.311011	-0.001732	0.003039	0.003012	0.348050	-0.260893	-0.252471	-0.864323	-0.012570	0.016602	-0.022491
TIP4P_RB_0	-8.069239	25.694950	-1.821550	-0.000550	-0.001374	-0.004988	0.059477	-0.007640	-0.841712	0.536586	-0.014384	0.014745	-0.014565
TIP4P_RB_0	2.646794	-9.290846	0.700822	-0.002035	-0.002840	-0.003701	0.367433	-0.715502	-0.561638	0.193940	-0.006030	-0.025382	-0.024071
TIP4P_RB_0	1.950908	-2.268629	-1.889872	-0.005270	0.000460	0.009034	0.341340	0.718490	0.585652	0.155788	-0.026024	0.004545	0.002074
TIP4P_RB_0	-0.431324	-0.337065	1.987560	-0.006281	-0.001233	0.009865	0.047236	0.838865	0.232413	-0.489958	0.017696	0.016819	-0.005559
TIP4P_RB_0	-3.662588	-7.726389	-11.222168	0.004818	-0.000755	0.005920	0.647470	0.271040	-0.612178	0.364085	-0.010405	0.023608	0.006957
TIP4P_RB_0	-3.790538	-18.687740	-3.976560	-0.000970	0.002062	-0.004264	0.535644	-0.023383	0.163723	0.828090	-0.002532	-0.003842	-0.010710
TIP4P_RB_0	-0.084311	-6.943597	9.029537	0.000239	-0.000635	-0.001742	0.234440	0.716168	0.651106	0.090572	0.000603	-0.004243	0.018687
TIP4P_RB_0	-4.343477	-25.355831	3.081134	-0.001106	0.007416	-0.002182	0.925657	0.114443	0.229445	0.278238	0.010508	0.004103	0.019578
TIP4P_RB_0	8.217267	-19.328237	10.986040	-0.000906	-0.001698	0.002988	0.290789	0.384654	-0.123642	0.867292	0.028515	-0.010035	-0.003377
TIP4P_RB_0	8.026641	-12.527210	-15.439432	0.003650	-0.007332	0.005251	0.104616	0.870139	-0.234252	0.420760	0.019678	0.017905	0.004549
TIP4P_RB_0	9.061467	-14.082784	-9.226784	-0.002072	0.006056	-0.005088	0.333502	-0.461660	-0.370080	0.733953	-0.001566	0.010159	0.023091
TIP4P_RB_0	15.954611	1.310795	-8.884517	0.000710	0.000324	0.006664	0.414275	0.126544	-0.400683	-0.807351	0.009202	-0.017227	-0.006040
TIP4P_RB_0	3.456635	-6.737982	-5.615204	-0.000888	0.001996	-0.005337	0.104092	-0.757304	0.531451	0.364986	-0.000921	-0.012554	-0.026026
TIP4P_RB_0	-8.644311	-2.759273	10.330790	-0.001098	-0.000808	-0.000707	0.579079	-0.095142	-0.712221	-0.385170	-0.001147	0.022642	-0.020420
TIP4P_RB_0	-11.643363	13.829245	-6.206523	-0.006681	0.000686	-0.001901	0.870727	-0.287792	-0.075757	0.391498	0.035516	-0.016059	-0.013169
TIP4P_RB_0	-15.197343	0.563861	3.674983	0.001981	-0.001310	0.004178	0.193723	0.467227	-0.843419	0.181147	-0.010694	0.027221	-0.015832
TIP4P_RB_0	-32.151934	-8.945289	12.237518	-0.003097	-0.005397	-0.002625	0.037164	0.045425	0.275420	0.959531	0.021980	0.023834	0.012681
TIP4P_RB_0	-10.812884	7.939733	-2.577728	-0.006230	-0.002491	0.001604	0.073542	0.094182	0.901216	-0.416570	0.031153	-0.014822	-0.014369
TIP4P_RB_0	-13.798349	7.471964	-9.266083	-0.006411	0.000166	0.002766	0.816282	-0.185995	-0.546795	0.010284	0.001350	-0.006496	-0.022108
TIP4P_RB_0	-4.168278	-9.698740	-15.578805	0.002049	-0.004097	-0.001992	0.789676	0.036639	-0.609829	-0.056373	0.011630	-0.004620	-0.003381
TIP4P_RB_0	1.092570	2.856846	5.158008	0.001182	-0.000564	0.001059	0.806807	0.173769	-0.503681	0.255290	0.032758	-0.004100	-0.030775
TIP4P_RB_0	-21.252588	12.395513	6.505192	-0.002115	0.000706	-0.000781	0.069078	-0.426581	0.410185	0.803122	0.042592	0.001192	0.016220
TIP4P_RB_0	-3.564877	-0.275485	-12.804224	0.001470	0.006037	-0.002635	0.518313	0.681715	0.486127	-0.174056	0.017515	-0.006877	-0.008241
TIP4P_RB_0	1.967486	4.485162	-0.023368	0.002839	-0.000567	-0.003705	0.367829	0.091028	0.369329	0.848535	-0.018940	-0.007298	0.023843
TIP4P_RB_0	-11.387571	-1.136984	-3.876411	-0.003295	0.005431	0.000501	0.851525	0.398410	-0.017401	0.340399	-0.024125	-0.002060	0.005158
TIP4P_RB_0	2.022780	0.764437	-17.771391	-0.000414	-0.003830	0.002834	0.071374	-0.710898	0.061118	0.696989	-0.015500	-0.004853	-0.019482
TIP4P_RB_0	13.986543	2.166116	-5.858626	-0.006816	-0.001522	-0.000036	0.038991	0.456857	0.427488	0.779112	0.018161	-0.010562	0.013931
TIP4P_RB_0	10.848491	8.101407	3.769637	0.000414	-0.002558	-0.000937	0.144365	0.369316	0.460150	0.794372	0.008769	0.000986	-0.007532
TIP4P_RB_0	-1.070399	13.976391	20.313768	-0.003993	0.003135	-0.000699	0.439260	-0.108933	0.630451	0.630647	0.012139	-0.012269	0.018603
TIP4P_RB_0	-15.829223	8.359225	-22.802863	0.004117	-0.002312	0.000322	0.734691	0.435248	0.509966	0.103554	-0.022094	-0.008924	0.019257
TIP4P_RB_0	-12.875699	11.127919	-12.090911	0.001752	0.003003	0.005987	0.464230	-0.403506	-0.377961	-0.691967	-0.001725	-0.005245	-0.001927
TIP4P_RB_0	-7.167986	4.627902	-13.689134	-0.002221	-0.000055	0.002351	0.160406	0.478116	0.670443	-0.544225	0.007969	0.004411	-0.008116
TIP4P_RB_0	-7.299146	-3.649246	-13.742705	0.002212	-0.004655	-0.001861	0.439951	0.775374	-0.206674	0.403142	0.025566	-0.014503	0.010856
TIP4P_RB_0	-2.603176	2.303835	-12.752437	-0.002166	-0.008243	-0.004520	0.289801	0.171465	-0.341753	0.877394	-0.013645	0.005977	-0.001457
TIP4P_RB_0	-6.280334	8.601284	8.216148	0.003724	0.003107	0.002832	0.412523	0.594127	-0.074734	0.686478	-0.026473	0.012171	0.009184
TIP4P_RB_0	-4.724397	-4.161145	-11.436638	0.004460	-0.001048	0.006974	0.869481	0.039497	-0.489667	-0.051673	-0.008691	0.026246	-0.025323
TIP4P_RB_0	0.888923	12.531119	12.566258	0.000695	0.001325	0.002453	0.059053	-0.756646	-0.353625	0.546762	0.015438	-0.003176	0.014184
TIP4P_RB_0	0.175210	10.385625	5.206791	-0.004226	0.000929	0.005460	0.245687	-0.659795	-0.137356	0.696737	0.019637	0.003609	-0.005405
TIP4P_RB_0	7.955901	7.447425	-7.230519	0.001540	-0.001479	0.001519	0.132700	-0.724921	0.669593	0.092334	0.023547	-0.014496	-0.000133
TIP4P_RB_0	5.689492	1.842308	-2.795037	-0.002754	0.002368	0.001612	0.711779	-0.056738	-0.699644	-0.025471	-0.004235	0.003163	0.013205
TIP4P_RB_0	-7.444545	12.841830	-5.191114	-0.005442	-0.003049	-0.002605	0.169752	-0.340804	-0.912500	0.149598	0.027468	-0.002892	-0.006909
TIP4P_RB_0	-1.180949	-4.089214	-8.381794	-0.005094	-0.003507	-0.006852	0.310157	0.678163	-0.602169	0.285113	0.023299	-0.005277	-0.013370
TIP4P_RB_0	-1.665558	2.234885	-2.947101	-0.002734	-0.001755	0.004907	0.314376	-0.159442	0.711273	-0.608142	-0.022415	-0.001937	0.009550
TIP4P_RB_0	1.006562	-4.607905	-16.697726	-0.001946	0.001951	-0.007091	0.381126	0.261983	0.527160	-0.712889	-0.024224	-0.010644	0.041145
TIP4P_RB_0	10.811144	8.574592	-0.633291	0.002565	0.001562	-0.000100	0.085652	0.635866	-0.765164	0.053496	0.039914	0.005357	-0.000269
TIP4P_RB_0	-26.542218	-2.266230	8.365418	0.004739	-0.001659	0.001298	0.603948	0.685950	-0.398215	-0.078389	0.044434	0.001813	-0.007900
TIP4P_RB_0	4.524662	-13.484262	-4.756375	0.001031	-0.001122	-0.005904	0.837883	-0.056556	0.414369	-0.350787	-0.012320	0.005427	0.007532
TIP4P_RB_0	-4.198346	14.747108	13.963687	-0.006737	0.001800	-0.002958	0.113122	-0.982850	-0.087630	-0.116323	0.005308	-0.004894	-0.001142
TIP4P_RB_0	-5.573654	6.526305	9.794542	-0.002025	-0.001335	-0.001591	0.648975	0.533696	-0.538942	0.059506	-0.002755	0.006496	-0.018088
TIP4P_RB_0	2.449243	-26.741983	-16.819028	-0.002529	-0.000684	-0.000872	0.794847	0.474707	0.097365	-0.365228	0.000638	0.006526	-0.012111
TIP4P_RB_0	-6.312264	-6.583488	8.234947	-0.004699	-0.000324	-0.003079	0.432040	0.399693	-0.747293	-0.308449	0.003623	-0.006000	-0.019737
TIP4P_RB_0	-14.621781	4.055683	7.157159	0.003020	-0.004094	0.000348	0.046975	-0.666142	-0.633482	0.390832	0.014404	0.004579	-0.006557
TIP4P_RB_0	-10.043038	-6.627423	11.310623	0.005463	0.007436	0.003820	0.541861	-0.134144	0.262608	-0.787038	-0.030128	0.016655	-0.017172
TIP4P_RB_0	22.160715	-15.884121	7.348050	0.000607	-0.001207	0.005462	0.130109	-0.074443	-0.714131	0.683774	-0.020187	0.011068	-0.019736
TIP4P_RB_0	-1.509386	-11.061765	-9.211708	0.000323	-0.002261	-0.003081	0.797620	-0.403809	0.049260	-0.445324	-0.034574	-0.010116	0.025289
TIP4P_RB_0	11.325502	-9.719503	-10.372307	0.000141	-0.001163	0.003380	0.394447	-0.726659	0.030468	-0.561650	0.029816	0.000028	0.008178
TIP4P_RB_0	2.300707	-13.325966	3.671521	0.001362	-0.000101	0.003008	0.752994	0.455909	-0.472433	-0.044219	0.002413	-0.003930	0.020665
TIP4P_RB_0	9.559698	-8.518645	-11.886853	-0.000079	-0.002330	0.001374	0.332311	-0.286448	0.696285	-0.568071	-0.010873	0.009570	-0.003742
TIP4P_RB_0	9.612924	5.956275	0.092813	-0.002514	-0.001218	0.003778	0.103436	0.894007	-0.389166	0.196477	0.004755	-0.001416	-0.006362
TIP4P_RB_0	26.931307	13.608192	-1.135368	0.001273	-0.002401	0.007637	0.978340	0.094914	0.093078	-0.158681	0.012028	0.015792	-0.004216
TIP4P_RB_0	7.855167	-17.339622	-4.236722	-0.001496	-0.010783	0.002314	0.627153	0.039930	0.238421	-0.740432	0.030629	0.007715	-0.004009
TIP4P_RB_0	-3.274923	5.317110	10.862165	-0.008069	0.003529	-0.000280	0.115967	-0.467426	0.834146	0.268823	-0.008221	-0.019643	0.014383
TIP4P_RB_0	-10.010503	-7.575011	-0.038134	0.001992	0.001979	-0.002181	0.177178	0.099389	0.932746	0.297851	0.011197	-0.004204	0.027336
TIP4P_RB_0	-1.911963	-2.097637	-0.734952	0.001672	-0.003471	-0.000862	0.708081	0.309839	0.217933	-0.595925	0.017520	-0.017561	0.015781
TIP4P_RB_0	-16.816494	2.142151	-0.785266	0.002245	0.001384	0.003463	0.139364	-0.726064	0.026196	0.672847	-0.028721	-0.009080	0.017811
TIP4P_RB_0	-14.140980	-8.064457	-4.312469	0.004154	-0.005009	0.001317	0.628035	-0.613547	-0.050505	0.476006	0.009316	-0.008011	-0.000771
TIP4P_RB_0	-0.510562	-1.342145	-8.648862	0.004418	0.003253	0.005150	0.028639	-0.080813	0.378537	-0.921607	0.003584	-0.009497	-0.028945
TIP4P_RB_0	-10.951209	-5.471610	5.001303	-0.004693	-0.001983	0.005162	0.349489	0.370899	-0.850740	0.128579	-0.015769	-0.011631	-0.015259
TIP4P_RB_0	-2.365806	-3.136282	16.403694	0.001674	-0.003621	0.003234	0.378936	-0.224737	-0.263673	0.858124	0.025582	-0.006683	-0.020697
TIP4P_RB_0	17.521576	-7.465203	3.841185	-0.003673	0.001335	0.001581	0.356367	-0.214297	0.471836	-0.777464	-0.003738	0.001502	-0.024898
TIP4P_RB_0	10.619767	-5.054223	-0.128474	0.003713	0.010533	0.006676	0.105025	0.419470	-0.745449	-0.507268	0.003086	0.020485	-0.027537
TIP4P_RB_0	-7.759586	-10.284574	1.678750	0.005558	-0.000025	-0.002249	0.192472	-0.306245	-0.913096	-0.188212	-0.033607	0.004390	0.014450
TIP4P_RB_0	-3.066629	-1.281250	-5.286294	-0.005410	0.003446	0.000223	0.984997	-0.072281	-0.020637	0.155341	-0.009267	0.012867	-0.019362
TIP4P_RB_0	16.329927	6.427303	-2.376657	0.004271	0.003008	-0.006734	0.661531	0.567622	0.475083	0.120329	-0.012904	0.003542	0.007442
TIP4P_RB_0	18.358245	2.027762	9.511832	-0.005655	0.003376	0.000721	0.350278	-0.363627	0.186078	0.842885	-0.002048	-0.019766	-0.009600
TIP4P_RB_0	14.960258	-2.791286	-0.179087	-0.001142	-0.006002	-0.002496	0.090891	0.135803	-0.901227	0.401356	-0.003689	0.012167	-0.007671
TIP4P_RB_0	9.653601	-21.646580	0.787661	0.001998	-0.001632	-0.002521	0.479345	-0.477329	0.163453	-0.718101	0.000846	-0.007584	0.011054
TIP4P_RB_0	2.630770	-8.971480	-1.990505	0.001377	-0.004423	0.002626	0.241588	0.371413	-0.889987	-0.107753	0.014447	-0.004854	0.026378
TIP4P_RB_0	-0.009851	11.336920	2.032827	-0.004039	0.000822	0.003771	0.329284	0.030006	-0.935253	0.126386	-0.000629	0.011102	-0.017526
TIP4P_RB_0	1.820772	-5.154613	0.185896	-0.002857	0.000353	0.003415	0.513038	-0.264825	0.543294	-0.609501	-0.015063	0.002575	0.023097
TIP4P_RB_0	-13.116492	2.040261	12.922482	-0.006228	0.000505	-0.000284	0.401194	-0.359548	0.384183	-0.749781	-0.017242	0.007081	-0.005173
TIP4P_RB_0	-2.681835	-13.320088	5.945045	-0.001016	0.002622	-0.000764	0.301879	0.318829	0.379102	0.814555	-0.019837	-0.012218	-0.000816
TIP4P_RB_0	-7.519315	11.676235	-8.153845	0.002265	-0.000149	0.000799	0.834549	-0.210789	0.472268	-0.189890	-0.018909	0.001288	0.002973
TIP4P_RB_0	-9.491301	15.628101	-2.613051	-0.000277	-0.000219	0.009785	0.094442	0.866663	-0.488799	0.032432	-0.006009	-0.001409	-0.017941
TIP4P_RB_0	-3.110255	4.562350	-4.129559	0.001646	-0.000691	-0.003927	0.565260	0.500176	0.257434	-0.603351	0.022138	-0.011563	-0.004080
TIP4P_RB_0	-9.153499	2.067304	11.455815	0.005524	0.001351	0.000580	0.132619	0.213624	0.551412	0.795438	-0.001848	0.012282	0.041942
TIP4P_RB_0	0.738520	-10.364599	-5.344795	-0.000163	-0.000844	0.000926	0.141509	0.713743	-0.683304	0.060352	-0.016190	0.008139	0.014965
TIP4P_RB_0	11.527738	5.897900	2.126408	0.000444	-0.003150	0.000951	0.419333	-0.654782	-0.066900	0.625256	0.030559	0.009533	-0.014252
TIP4P_RB_0	-6.121775	19.990051	8.005351	-0.005743	0.002594	-0.003252	0.381551	0.686228	-0.285745	0.549417	0.015095	-0.002948	-0.004430
TIP4P_RB_0	9.351871	-0.139237	7.460029	-0.000333	-0.002120	0.000628	0.038021	-0.600508	-0.062522	-0.796264	0.005189	-0.007628	0.010864
TIP4P_RB_0	7.953179	23.354278	-0.824069	0.005771	-0.004111	-0.007808	0.292725	0.610941	0.408963	-0.611402	0.020525	0.003600	0.015811
TIP4P_RB_0	15.153243	8.531096	-8.250049	0.002257	0.002320	-0.000759	0.193955	0.043728	-0.598183	0.776303	-0.021298	0.001242	-0.017735
TIP4P_RB_0	8.385628	5.115459	15.475380	0.005828	0.001387	-0.002824	0.219981	0.626562	-0.394054	0.635413	-0.004701	0.007172	0.016838
TIP4P_RB_0	-11.183078	13.777980	-3.404727	-0.000335	-0.003968	-0.002436	0.506271	0.106048	0.280085	-0.808700	0.009797	0.022993	0.021988
TIP4P_RB_0	-5.658080	-10.731093	0.215414	0.003183	0.000403	0.000547	0.818857	0.376546	-0.385113	0.198429	-0.023252	-0.002211	0.003330
TIP4P_RB_0	-15.622278	-0.571705	16.952947	-0.000786	-0.004353	0.000675	0.703185	-0.618428	-0.173654	0.304831	-0.028214	0.002786	0.012876
TIP4P_RB_0	-1.827123	-11.104132	4.331341	-0.000511	0.003614	-0.000157	0.231083	0.443932	-0.801004	-0.328508	0.005853	0.012672	-0.000998
TIP4P_RB_0	-9.434335	0.178496	2.805140	0.001880	0.002144	-0.005262	0.764991	-0.414617	0.398844	0.289492	0.031964	-0.025194	-0.028995
TIP4P_RB_0	-5.163823	15.836814	-2.853180	-0.001409	-0.003552	0.002109	0.275196	0.850355	-0.156977	-0.420145	-0.031025	0.008017	-0.008266
TIP4P_RB_0	-7.491282	5.709318	-7.871768	-0.001528	0.010156	0.001227	0.132932	-0.779702	-0.213066	0.573583	0.008493	0.009582	-0.018757
TIP4P_RB_0	11.537172	21.657874	6.869080	-0.009789	0.001312	0.004972	0.676491	0.629780	0.375425	-0.069237	0.000320	0.008113	0.006501
TIP4P_RB_0	-9.185104	12.345740	-2.609169	-0.001351	-0.000216	-0.004298	0.005788	-0.835666	0.322394	-0.444625	0.052921	0.016112	-0.023329
TIP4P_RB_0	18.973227	4.108614	-0.912926	0.001264	-0.000293	0.001368	0.559007	0.510484	0.645137	-0.103522	0.015556	0.007458	-0.015564
TIP4P_RB_0	3.894093	-0.664950	-6.158642	0.001294	-0.002515	-0.000501	0.790011	-0.187861	0.556281	0.176474	-0.048711	0.016922	-0.008856
TIP4P_RB_0	-5.573788	3.055621	4.533223	0.002143	0.003104	0.001397	0.636955	-0.028241	0.744575	-0.197733	-0.023778	0.000148	-0.008659
TIP4P_RB_0	3.724753	13.673999	-1.377510	0.001346	0.000413	-0.001521	0.035297	0.986626	-0.158936	0.007936	-0.016651	-0.012475	0.000154
TIP4P_RB_0	15.467772	17.029316	-7.526015	-0.002338	-0.002442	0.002507	0.172431	0.112569	0.763336	0.612302	-0.011317	-0.015917	-0.010490
TIP4P_RB_0	11.045515	14.607051	3.635055	-0.000192	-0.005455	-0.003644	0.361859	0.431438	-0.662740	-0.493655	-0.009628	-0.002303	-0.012996
TIP4P_RB_0	14.031895	10.439051	-6.430665	-0.001097	-0.000540	0.004002	0.150897	-0.752191	0.376679	-0.519184	-0.000290	-0.018422	0.008646
TIP4P_RB_0	1.646205	-22.298136	15.143184	-0.002749	-0.004694	-0.006197	0.463998	0.090061	0.873224	-0.118636	-0.029556	0.005218	-0.000341
TIP4P_RB_0	0.544661	-9.290194	10.618996	0.000480	0.000653	-0.003411	0.071014	0.900996	0.394615	0.165656	-0.011437	-0.003662	-0.004317
TIP4P_RB_0	-16.343427	-3.934194	4.032081	-0.001624	0.003643	-0.002426	0.072819	0.770642	-0.625035	-0.100700	0.035599	0.001986	-0.000688
TIP4P_RB_0	-5.702658	-9.539446	-2.379417	0.000285	0.002698	0.002178	0.743909	0.313216	0.251653	0.534009	-0.008196	0.007243	-0.004572
TIP4P_RB_0	-11.196499	-17.325816	9.113820	0.000655	-0.000209	-0.001255	0.888283	0.032222	-0.412671	0.199043	0.033292	0.013921	-0.027000
TIP4P_RB_0	12.372111	-29.693563	-4.542826	-0.004389	-0.000107	-0.006210	0.649713	-0.582453	0.340761	-0.350005	0.022719	-0.005505	-0.004466
TIP4P_RB_0	4.755531	-3.181400	1.922557	0.001739	0.003492	-0.002825	0.581164	0.464537	0.666495	-0.047300	0.002637	-0.010183	-0.015452
TIP4P_RB_0	8.402275	-0.201499	4.638952	-0.002501	-0.003499	-0.005062	0.548171	-0.380020	0.611918	-0.425030	-0.010386	0.007774	0.011196
TIP4P_RB_0	-21.478617	-6.184955	-4.387768	-0.004336	-0.002191	-0.002170	0.872818	-0.457290	-0.161292	-0.055321	0.014954	-0.003810	0.015898
TIP4P_RB_0	1.230905	-4.656257	9.996982	-0.001595	0.000923	-0.002850	0.011068	-0.159136	-0.916131	0.367774	0.015483	-0.006464	-0.003986
TIP4P_RB_0	-11.941640	-20.781551	-1.196413	-0.009602	-0.004212	-0.000536	0.464492	-0.055725	0.041873	-0.882830	-0.004985	0.017403	0.011051
TIP4P_RB_0	1.610544	-13.358687	6.681528	0.003553	0.004885	-0.002076	0.761261	0.040068	0.641389	-0.086581	-0.040229	0.007693	-0.015462
TIP4P_RB_0	-11.904774	-11.938501	0.854965	-0.000806	0.003811	0.002898	0.163707	-0.644959	0.091407	-0.740859	-0.014721	-0.014970	-0.013746
TIP4P_RB_0	12.138708	-16.858200	1.883250	-0.004436	-0.000393	0.002144	0.693691	-0.218303	-0.551373	-0.408808	0.016866	0.007288	-0.032326
TIP4P_RB_0	13.080114	-6.795150	3.005293	0.001964	-0.001995	0.000511	0.527101	-0.388947	0.486217	0.578340	0.017171	0.015438	0.000938
TIP4P_RB_0	10.746007	-5.938938	8.499450	-0.001656	-0.000299	0.002973	0.737559	0.438257	-0.427358	-0.285136	-0.005413	-0.008438	0.025234
TIP4P_RB_0	-6.599972	-6.333783	-2.493568	0.002537	-0.001974	0.002946	0.091531	-0.195016	0.874603	-0.434351	0.005859	0.005353	0.014837
TIP4P_RB_0	-18.346833	19.924871	5.976287	-0.004358	-0.004642	0.001384	0.408795	-0.102058	0.445277	-0.790063	0.002943	-0.013612	-0.009205
TIP4P_RB_0	-26.746391	-4.084746	12.186168	0.003306	0.001294	-0.006224	0.349185	-0.664911	0.553154	0.360533	-0.027815	0.010579	0.009291
TIP4P_RB_0	-3.319894	-10.281305	-2.851095	0.000121	0.005920	-0.008866	0.887782	0.333623	0.296347	0.112771	-0.001452	0.035573	-0.022107
TIP4P_RB_0	4.787107	-9.634337	2.396140	-0.005567	0.004621	0.006221	0.500396	0.078510	-0.739424	0.443499	0.024312	0.005287	0.027230
TIP4P_RB_0	1.427803	-17.451432	12.756229	-0.002403	-0.001797	-0.004314	0.070276	0.061710	-0.889623	-0.447017	0.030032	-0.008069	0.004213
TIP4P_RB_0	-4.683112	15.809219	5.376845	-0.005417	0.001284	-0.004813	0.917041	-0.364346	0.150363	-0.060657	-0.017232	0.013539	-0.003686
TIP4P_RB_0	6.038040	-11.031195	5.971480	0.003427	-0.000428	-0.001384	0.642199	0.057483	0.703170	0.299713	0.013944	-0.008796	-0.021976
TIP4P_RB_0	-3.162074	-25.073608	10.226604	-0.002574	0.005369	0.002489	0.215139	0.922271	0.183125	-0.263811	0.017271	0.011632	-0.002680
TIP4P_RB_0	3.377463	11.249882	-7.729020	-0.003256	0.002062	-0.002409	0.919569	0.087458	-0.346221	0.163936	0.017580	-0.010108	-0.017721
TIP4P_RB_0	9.942014	-18.320702	18.399614	-0.000586	-0.002104	-0.002768	0.083277	0.086014	0.744324	-0.656999	0.004116	0.021330	-0.015765
TIP4P_RB_0	-6.734369	-7.775450	20.290024	-0.000618	0.001343	0.004683	0.632434	-0.340527	-0.237220	0.654061	-0.007376	0.015008	-0.011858
TIP4P_RB_0	23.621567	-0.832568	0.549909	0.000853	0.000576	0.000978	0.943764	-0.019206	-0.261215	0.201762	0.014288	-0.020356	-0.004487
TIP4P_RB_0	3.417482	-3.709501	13.017752	0.002605	0.002643	-0.000204	0.313885	-0.939648	-0.096445	-0.096108	0.023065	-0.022903	-0.004332
TIP4P_RB_0	22.508885	8.495239	12.491300	0.002002	-0.004291	0.003709	0.585603	0.699640	0.228126	-0.339899	0.004708	-0.003639	0.010699
TIP4P_RB_0	6.140744	-2.321518	6.193153	-0.002487	-0.001468	0.003250	0.597857	-0.250157	0.761513	-0.009280	0.002420	-0.008991	-0.009117
TIP4P_RB_0	-0.583155	-1.290877	13.853577	0.002215	-0.000621	0.003732	0.505599	0.400658	0.118244	-0.754892	-0.017346	-0.001443	-0.001317
TIP4P_RB_0	-16.883417	11.046784	5.595673	0.001182	-0.005701	-0.003301	0.481882	-0.494733	-0.169790	0.702994	0.016050	-0.021355	0.000815
TIP4P_RB_0	-14.247392	22.778351	0.568871	-0.002423	0.000349	0.002787	0.324246	-0.633285	-0.035178	0.701838	0.002174	0.012660	0.013646
TIP4P_RB_0	-4.657833	-0.438092	21.853959	-0.000995	0.000009	0.000224	0.196575	-0.922300	0.328101	0.055422	-0.021232	-0.024131	-0.002138
TIP4P_RB_0	-1.902378	-3.443307	2.357891	0.002483	0.003693	-0.001797	0.184462	-0.168282	0.066515	0.966039	-0.023383	-0.015928	-0.009792
TIP4P_RB_0	4.335247	5.702154	12.326930	-0.002008	0.001829	-0.005307	0.049638	0.063541	-0.385122	0.919336	-0.017400	-0.017960	-0.004680
TIP4P_RB_0	-10.945932	-3.337369	7.028551	0.002702	0.000524	0.001091	0.294329	-0.210203	0.497154	-0.788684	0.004914	0.000013	-0.005504
TIP4P_RB_0	-1.212974	0.446601	18.895769	0.003539	0.001313	-0.003715	0.454745	0.447223	0.717170	-0.280831	0.012629	0.009471	-0.023734
TIP4P_RB_0	-7.743239	3.260707	18.956741	0.005583	-0.004957	-0.004871	0.519521	-0.104863	-0.301554	0.792570	0.015349	-0.005185	0.021180
TIP4P_RB_0	-8.632647	5.246059	15.289550	0.007158	-0.002256	-0.004888	0.073510	-0.980365	-0.114868	0.142429	0.012580	0.012122	0.014382
TIP4P_RB_0	2.295568	1.662433	-3.808783	0.004411	-0.000108	0.002052	0.473701	-0.723781	-0.331095	-0.376995	0.033067	-0.007659	-0.001218
TIP4P_RB_0	-3.513780	-10.223009	9.012180	0.001612	-0.005865	0.003385	0.727178	0.303629	-0.019109	0.615350	0.032732	-0.012886	0.007048
TIP4P_RB_0	-9.439254	-19.024367	-4.078874	0.001233	-0.001396	-0.003486	0.383852	0.476472	-0.500637	0.612368	0.023994	0.022626	-0.026858
TIP4P_RB_0	-14.332207	-6.453839	12.112286	-0.001196	0.002608	0.002950	0.824947	0.432582	0.111394	-0.346304	-0.002221	0.005375	-0.015088
TIP4P_RB_0	5.035034	-6.265153	8.390789	0.001956	-0.001260	0.006962	0.593791	-0.593005	0.536001	-0.091975	-0.016365	0.022152	0.016853
TIP4P_RB_0	-6.536777	12.117138	25.430549	0.005798	-0.003597	-0.003164	0.170341	-0.310695	-0.921344	0.159930	-0.012939	0.011746	0.014099
TIP4P_RB_0	0.316407	4.510706	10.158801	0.005846	0.006110	0.002153	0.206951	-0.603411	0.032115	-0.769438	0.016630	-0.013130	-0.007274
TIP4P_RB_0	-15.160589	15.312677	6.339892	-0.005473	0.000749	-0.008410	0.057003	-0.366895	-0.874086	-0.313230	-0.005663	0.007212	-0.008101
TIP4P_RB_0	-2.996534	-1.496732	10.010187	-0.003815	0.000860	-0.002349	0.764691	-0.310277	0.374380	0.422865	-0.032847	-0.017559	0.003570
TIP4P_RB_0	-13.353533	10.929057	19.911287	-0.003187	-0.000184	-0.000303	0.658392	0.155772	0.085161	-0.731439	-0.009586	-0.007724	-0.021536
TIP4P_RB_0	-15.441176	4.313178	-2.874251	0.005461	-0.006439	-0.004173	0.571479	-0.404970	-0.106728	0.705706	0.004713	-0.003933	-0.001322
TIP4P_RB_0	7.569508	9.910667	-4.949809	0.003703	-0.008825	-0.007762	0.910253	0.094283	-0.399992	0.050562	0.033086	0.009094	-0.001713
TIP4P_RB_0	-5.115123	4.144106	12.389858	-0.006632	0.000864	-0.005692	0.281109	-0.720819	-0.567445	-0.281787	0.028524	-0.000551	0.018349
TIP4P_RB_0	1.090365	-3.520579	7.219482	0.000709	0.001395	0.000001	0.437617	-0.471484	0.455158	0.615650	-0.002547	-0.000028	0.001589
TIP4P_RB_0	3.933298	2.048863	13.675453	-0.005384	0.002055	0.001937	0.177316	-0.675412	-0.708066	-0.104976	0.025487	0.010938	0.019184
TIP4P_RB_0	1.029767	26.864497	10.719215	-0.004623	0.006516	-0.002558	0.407714	-0.671646	-0.596764	0.162893	-0.044683	0.003500	0.005373
TIP4P_RB_0	-1.379198	6.185693	-11.238231	0.009532	-0.008228	0.000353	0.004485	0.680847	0.151447	0.716583	-0.032613	0.007318	-0.003943
TIP4P_RB_0	0.754001	0.031933	-11.164463	-0.002125	0.002325	0.004997	0.899147	-0.214633	0.061068	0.376482	0.022491	-0.003020	0.005012
TIP4P_RB_0	6.449898	14.354280	3.454754	0.004747	0.008177	0.005842	0.543242	0.718117	-0.298115	-0.316739	0.001096	0.011575	-0.007037
TIP4P_RB_0	-1.192432	6.785527	-0.785055	0.001433	-0.001005	0.000779	0.377894	0.035641	0.895895	-0.230865	0.026013	0.010823	0.002989
TIP4P_RB_0	24.286285	13.654165	1.614688	0.000309	0.001936	-0.003669	0.124115	-0.479250	-0.693987	0.522778	0.000586	-0.005552	0.008809
TIP4P_RB_0	9.321292	4.778483	7.146321	-0.000315	0.001559	0.000306	0.742435	0.453735	-0.491083	0.041871	0.031598	0.025031	0.002153
