256
25000;	19.7166	0	0;	0	19.7166	0;	0	0	19.7166;	-2.80791e-05	-0.0673016	;0	0	0;	0	0	0;	0	0	0;
TAP	4.357943	29.009373	17.728913	0.003231	0.004789	0.001686	0.472180	0.749722	-0.226415	0.404597	-0.020403	0.019930	-0.001574
TAP	-8.157689	-2.059100	-5.260227	0.007407	0.001783	-0.003364	0.263945	-0.216463	-0.114646	0.932916	-0.005633	-0.001795	-0.027456
TAP	2.241300	-19.158241	-6.092543	-0.001657	0.008012	0.005490	0.836772	0.450874	0.244493	0.191698	-0.054568	-0.009229	-0.017310
TAP	3.448427	-14.680697	7.328199	-0.006731	-0.000147	-0.001153	0.242369	-0.649265	-0.310149	0.650784	-0.034308	-0.001175	-0.004344
TAP	-49.166240	5.480780	21.427031	-0.000026	-0.000650	-0.001677	0.137312	-0.522830	0.343258	-0.768094	0.023198	-0.008703	-0.020251
TAP	56.817004	8.856017	48.985708	-0.005779	-0.007857	-0.003756	0.592755	0.685896	0.345211	-0.242935	0.029095	-0.002246	-0.013856
TAP	76.408667	-6.263055	3.450631	0.004994	-0.002159	0.005066	0.440786	0.555910	-0.419561	-0.566251	-0.024407	0.012861	0.022504
TAP	23.573755	-32.004757	12.908565	-0.000356	0.005889	-0.001064	0.493239	-0.815406	-0.097469	-0.286927	-0.004490	-0.008693	-0.003601
TAP	7.096997	15.454949	-8.231103	-0.004207	0.000298	-0.000699	0.207801	0.765680	-0.481400	-0.372569	0.025638	-0.007832	-0.016092
TAP	4.880839	-19.567044	0.107608	0.001989	-0.001525	0.002577	0.295821	-0.539572	0.642630	0.456486	0.024262	0.009818	0.007010
TAP	-3.425702	2.976010	11.160888	0.004194	0.004326	-0.003921	0.151206	-0.103855	0.176529	-0.967051	-0.022933	0.002726	0.023958
TAP	-6.901637	12.350906	7.428580	0.002441	-0.003042	0.000625	0.645688	-0.097381	0.242147	0.717613	0.081791	0.010599	-0.007862
TAP	25.463904	38.366839	-2.182825	0.004080	0.000605	0.003048	0.230030	0.076050	0.266460	-0.932899	-0.049706	0.010030	-0.023090
TAP	-30.396721	38.849512	-9.817322	0.000445	0.001348	-0.003720	0.386328	-0.429334	0.267906	-0.771135	-0.018062	0.003031	0.022727
TAP	-25.836769	18.595883	-0.926698	0.000861	0.003431	-0.002940	0.182234	-0.153265	0.657898	0.714472	0.030445	0.011916	-0.025640
TAP	-11.062882	-26.291739	-2.178337	-0.000433	-0.002508	0.002340	0.365414	-0.027094	-0.890659	-0.269193	0.004322	-0.006549	-0.011542
TAP	4.821218	-4.754229	39.221474	-0.000554	0.001065	0.005197	0.479695	-0.569034	0.394041	0.539281	-0.008900	-0.007625	-0.016197
TAP	53.316855	-0.571624	45.479068	-0.005132	-0.000261	-0.002067	0.330640	-0.574159	0.055510	0.746952	-0.005671	0.016995	-0.016589
TAP	-10.478585	-9.463767	41.044018	-0.001254	0.001468	-0.000875	0.458509	-0.242626	0.745616	-0.418281	-0.005233	0.010866	0.007506
TAP	-7.850092	7.472312	35.796718	0.004411	0.000238	-0.001018	0.361131	0.518182	0.557459	0.538806	-0.032191	-0.000517	0.020814
TAP	-21.393380	-3.404833	1.000064	-0.004618	-0.000842	-0.004511	0.218336	-0.448111	0.858375	-0.121318	0.015762	0.003390	0.014348
TAP	0.790078	13.356208	37.341076	-0.002556	-0.001865	0.004119	0.610982	0.721958	0.233914	0.225303	-0.020739	-0.023794	-0.014236
TAP	5.793622	4.012521	-7.578143	0.001763	0.002574	-0.006619	0.179635	0.057993	-0.907039	0.376363	0.016715	0.012898	0.006810
TAP	15.923357	-12.835764	5.538604	-0.000061	-0.000320	-0.000160	0.385410	-0.857493	-0.231886	-0.249789	0.002137	0.025980	-0.027250
TAP	-6.092233	20.999829	-21.944412	0.006837	0.003658	-0.000921	0.433653	-0.882795	0.164234	0.075136	-0.023334	0.009188	-0.006601
TAP	-11.408845	22.298528	45.730509	-0.003317	-0.000817	-0.003467	0.882507	0.419933	-0.168346	0.128441	0.004599	0.007507	-0.015689
TAP	19.153399	3.452972	2.112381	-0.000512	-0.000412	0.005671	0.186467	0.557927	0.776473	-0.225912	0.002104	-0.000828	0.015350
TAP	-30.202861	9.653501	31.133783	-0.003056	0.003090	-0.000680	0.313514	0.100207	-0.148195	-0.932580	0.013764	0.014698	-0.011058
TAP	36.895541	-13.875475	15.405355	0.000139	0.001327	0.007888	0.107274	0.669349	0.719104	0.152822	-0.033265	-0.004098	0.005242
TAP	3.442935	22.132088	18.051763	-0.002477	0.002063	-0.003627	0.059070	-0.671149	0.600217	0.431056	-0.016951	-0.006725	-0.015534
TAP	-3.513248	27.346059	17.114444	0.002309	0.006666	-0.004516	0.143431	0.010430	0.766447	-0.626001	-0.009673	-0.004013	-0.021295
TAP	-0.566731	25.666724	-14.086747	-0.003521	0.002334	-0.001812	0.467515	0.718052	-0.495634	0.142053	0.035592	0.027104	-0.026978
TAP	-19.982643	15.471705	6.495393	-0.003576	-0.001054	0.000798	0.119868	-0.042509	0.926339	0.354570	0.004171	-0.021026	-0.015203
TAP	15.483026	23.232360	-6.118355	-0.000724	0.003605	0.005113	0.565912	0.199931	-0.121405	-0.790590	-0.012353	0.015497	-0.014811
TAP	-22.738552	10.381004	27.159557	-0.000650	-0.001596	0.005114	0.771917	-0.253244	0.459841	-0.358550	-0.000439	0.019486	0.005533
TAP	-0.787291	-16.056184	24.451275	0.001421	-0.002071	0.002907	0.323990	0.758262	-0.558943	-0.087476	0.027942	-0.013945	-0.003581
TAP	30.843462	-8.887635	-43.738810	0.000615	-0.002628	0.001921	0.754308	0.650425	0.059395	-0.066626	0.020250	-0.000176	-0.015114
TAP	-42.374161	2.075530	24.259888	0.000856	-0.007627	-0.002984	0.478238	0.311308	-0.818913	0.061294	-0.013523	-0.018483	0.006222
TAP	-5.869482	-30.590367	34.924039	-0.000165	-0.000806	0.003690	0.015514	-0.875136	-0.302697	-0.377188	0.029013	-0.002814	-0.011104
TAP	14.853365	13.939452	8.342608	-0.006319	0.000448	-0.004002	0.502249	-0.327905	0.399273	-0.693401	0.039210	0.014968	-0.023029
TAP	-1.545286	-41.263316	-6.580138	-0.004429	0.002383	-0.000284	0.141496	0.789344	0.565982	0.191255	0.005533	0.010476	0.020743
TAP	10.371883	-42.607434	4.799917	-0.006569	-0.001064	0.000725	0.010771	-0.139876	-0.955710	-0.258724	0.005449	-0.005376	0.035693
TAP	10.498693	-8.899487	7.328132	-0.000644	-0.002540	0.002000	0.223389	0.289782	0.325674	0.871814	-0.001204	-0.012217	0.003331
TAP	4.817478	15.611601	23.374495	0.000552	0.001820	0.007257	0.606376	-0.384600	-0.194305	0.668309	0.011918	0.004000	0.010836
TAP	9.765288	26.996850	39.375178	-0.003346	-0.002506	0.002339	0.914087	0.082070	-0.163635	0.361846	0.010114	0.010658	-0.004690
TAP	11.331765	-45.554338	9.730683	0.005280	0.000467	0.004506	0.432574	-0.264961	-0.655466	-0.559499	-0.023050	-0.012348	0.002635
TAP	26.542481	23.089376	16.853939	0.003181	0.000097	-0.006026	0.246602	0.357812	-0.386795	0.813356	0.025389	-0.008400	-0.010586
TAP	26.703790	19.156766	2.954580	0.000251	0.001572	-0.004212	0.234602	0.216603	0.872968	-0.368744	-0.000368	-0.018783	-0.018004
TAP	-15.191216	-2.698201	26.091263	-0.000627	0.000907	0.000666	0.913221	-0.168727	-0.251935	0.272191	0.041620	-0.005212	0.005827
TAP	-27.421764	21.699576	12.219557	-0.002006	0.003246	-0.004318	0.684902	-0.293953	-0.666474	-0.017710	0.018391	0.000561	-0.000601
TAP	4.793608	13.065038	17.697171	0.000631	-0.002077	0.000117	0.980343	-0.151465	0.125564	0.014782	0.004041	-0.005463	-0.024770
TAP	-2.845274	51.852713	13.485840	-0.002220	0.002783	0.003429	0.573163	-0.165433	-0.462898	-0.655623	0.017584	-0.005064	-0.027383
TAP	27.796874	-8.802651	-12.661118	0.003978	-0.002052	0.003437	0.700538	0.172785	0.593141	-0.357178	-0.008988	0.009516	-0.002671
TAP	16.812947	2.402903	15.847098	0.000015	-0.000940	0.000574	0.397178	0.178648	0.635790	-0.637264	-0.019242	0.015876	0.011502
TAP	55.094214	39.970363	-7.292655	0.003164	0.000238	0.002852	0.249309	-0.953844	0.083440	-0.145134	0.001758	-0.025832	0.008569
TAP	-7.861199	-19.699992	-31.521903	-0.003461	-0.004089	-0.002175	0.953409	0.131156	0.204021	-0.179403	0.011456	-0.005274	0.006964
TAP	-13.764213	70.924022	24.698942	0.005113	-0.001778	-0.003437	0.598018	-0.257541	0.532195	0.541125	0.018933	-0.002523	-0.002423
TAP	-38.606167	29.444917	-35.563000	-0.002618	-0.006381	-0.002007	0.105659	0.009095	0.100270	0.989292	-0.022092	-0.015691	0.013768
TAP	32.236074	-3.903388	30.807538	0.002121	0.002498	-0.001161	0.669803	-0.366979	0.282679	-0.580330	0.001923	0.011609	-0.026499
TAP	24.378535	14.181328	-8.353356	-0.000895	0.000215	0.003599	0.898923	0.397542	-0.183953	-0.007622	0.044764	-0.005336	0.014301
TAP	-33.970435	-12.320281	-9.119407	0.001088	0.002660	-0.000823	0.553373	-0.153521	0.809175	0.124282	0.025290	0.007023	-0.001741
TAP	11.187104	31.917770	31.840544	0.000369	0.000544	0.001415	0.445565	-0.431475	0.435398	0.652480	0.008159	0.004719	-0.008077
TAP	-35.638334	0.835253	43.854410	-0.003528	-0.008828	-0.005084	0.493107	-0.365858	0.293860	-0.732558	-0.011011	0.004597	-0.002620
TAP	1.997641	5.275012	1.052760	0.003170	0.007412	-0.004563	0.244345	-0.165782	0.266810	-0.917401	-0.015224	-0.012899	-0.030127
TAP	23.066389	17.683006	-28.100042	0.000783	-0.002346	-0.001468	0.115311	0.048862	0.967827	0.218235	0.003621	-0.001791	-0.011436
TAP	34.954466	-15.147058	42.457873	-0.002841	-0.003362	0.005002	0.359515	-0.642141	0.621595	0.268372	0.034879	0.007451	0.008338
TAP	-12.048177	51.701131	-38.775708	-0.001101	0.001623	0.004504	0.438745	0.686186	0.363043	-0.452605	0.019904	0.007092	-0.000646
TAP	11.813672	54.634450	6.365914	-0.000108	-0.000832	0.008057	0.166552	0.825425	-0.379515	-0.383278	0.018845	-0.018976	-0.004834
TAP	30.751945	-16.435331	-10.830577	-0.004542	0.002904	-0.000352	0.454072	-0.484665	0.708994	-0.237162	0.011860	0.017530	-0.018661
TAP	36.876257	41.494580	26.828832	-0.000102	-0.005242	0.000978	0.164094	-0.291893	0.856398	-0.393006	0.017186	-0.021719	-0.032206
TAP	-12.515940	-2.191313	25.224466	-0.001758	-0.005671	-0.004060	0.291581	0.384575	0.310697	-0.818871	-0.003918	0.008165	-0.008757
TAP	12.984544	32.930742	55.024252	-0.003114	0.001864	-0.001129	0.286834	0.023103	-0.326164	0.900450	0.025278	-0.012569	-0.030777
TAP	-6.255401	9.825444	57.334722	0.008047	-0.003575	-0.006221	0.165862	0.328740	0.877520	0.307210	0.025481	-0.002094	0.036257
TAP	41.620075	15.552425	23.889955	-0.003679	0.001837	-0.007145	0.043468	-0.642044	0.220381	0.733022	-0.020626	0.006637	-0.023657
TAP	11.113456	-2.900061	-39.858902	0.002060	0.003492	-0.004937	0.770571	-0.063195	0.305345	-0.555869	-0.031472	0.008611	-0.013948
TAP	-21.107085	2.063132	32.656700	0.002668	0.002926	0.002518	0.972897	0.071768	0.169806	-0.139596	0.004167	0.016465	0.013878
TAP	-11.547263	19.740405	5.315460	-0.001747	0.000975	-0.000647	0.234658	-0.093463	-0.877113	0.408500	-0.021476	-0.003290	-0.014651
TAP	17.732152	23.665772	28.300668	0.003154	0.002547	0.002952	0.145953	-0.343444	-0.555386	0.743163	-0.002073	0.027787	0.009037
TAP	-3.215874	13.587805	15.938292	-0.001053	-0.002653	0.003963	0.853370	-0.285630	-0.231550	-0.369540	-0.011859	0.006523	-0.002914
TAP	-2.382268	-2.586797	37.497297	-0.003473	0.004404	-0.002376	0.096334	-0.575666	0.763998	-0.275019	-0.003331	-0.018477	0.007193
TAP	-29.380158	41.041581	34.337837	-0.001723	0.001130	-0.005792	0.132776	-0.454265	-0.771587	0.425050	0.008135	-0.020408	-0.000092
TAP	35.815496	17.905629	26.384183	-0.003896	0.000822	0.003256	0.803145	-0.184150	-0.532624	0.193284	0.012590	-0.012067	-0.014052
TAP	7.815758	-4.787962	5.508038	-0.002455	0.002313	-0.001542	0.212110	0.671702	-0.625445	0.335625	-0.017560	-0.013863	-0.020356
TAP	37.621722	21.183347	20.430773	0.002799	-0.000133	-0.001962	0.308927	0.734357	-0.154760	-0.584237	0.008219	-0.001880	0.007670
TAP	66.604234	-32.941234	28.197833	0.001841	0.002433	-0.001706	0.135467	0.707364	0.239362	0.651146	-0.013955	-0.005426	0.001468
TAP	16.867798	4.229988	-21.460647	-0.002598	0.002785	0.002628	0.121654	0.183325	0.968017	0.120561	-0.010698	0.002435	0.003092
TAP	-19.783916	8.462434	5.976018	-0.003780	-0.003530	-0.002934	0.714294	0.609030	0.069229	-0.337749	0.021879	0.012130	-0.014707
TAP	2.346761	-33.649298	14.258031	-0.001459	0.003968	-0.003678	0.150347	-0.670472	-0.608269	-0.397331	0.013160	0.008210	0.005255
TAP	28.676036	8.247337	-6.099057	0.003968	-0.005934	0.000357	0.674833	0.043146	-0.093455	0.730757	-0.019733	0.000608	-0.011904
TAP	9.098155	7.179031	17.054002	-0.003048	-0.000105	-0.005628	0.670379	-0.350940	0.372654	-0.537180	-0.010220	0.004860	-0.015562
TAP	54.968064	18.394698	73.561087	0.001258	0.003955	-0.005354	0.036358	0.067138	0.598900	0.797176	-0.029885	-0.010817	-0.034123
TAP	47.097513	27.838751	21.469957	0.002420	-0.001776	0.005914	0.534529	0.453046	-0.433768	-0.566456	0.031080	-0.006855	-0.024383
TAP	11.964668	-17.239106	4.502102	-0.006526	0.004609	0.004487	0.902439	0.139385	-0.353707	-0.202649	-0.017102	0.033576	-0.030025
TAP	43.874579	4.397608	16.718409	0.003220	0.005740	-0.000580	0.034441	0.808497	0.443518	0.385277	0.043046	0.001490	0.005918
TAP	-15.570271	29.398082	-13.868655	-0.003610	0.001308	-0.003573	0.332625	-0.353294	0.866215	0.119230	-0.022639	-0.008382	-0.018382
TAP	69.267677	-18.234169	37.665124	0.002174	-0.003455	-0.000892	0.170233	0.017481	0.802713	0.571285	-0.006514	0.004870	0.008691
TAP	46.826714	40.412680	-40.498114	-0.000187	0.006978	0.000752	0.554186	0.406587	0.374327	-0.622450	0.011733	0.007504	0.005823
TAP	30.459738	38.624772	12.212296	-0.004481	-0.000269	0.002981	0.379929	-0.267838	0.675589	-0.572272	0.016990	-0.010662	0.022859
TAP	34.379378	-5.942514	37.527523	0.007781	0.000369	0.005353	0.601766	-0.051399	-0.626854	-0.492229	-0.001344	-0.022074	-0.001346
TAP	30.867023	-2.341286	9.257593	-0.006288	0.000278	-0.006224	0.025392	0.491574	-0.533425	0.687872	0.010721	-0.015435	-0.006168
TAP	60.530817	19.074983	23.987392	0.001260	-0.007645	-0.002882	0.289770	-0.559696	-0.406201	-0.661646	-0.010457	0.008647	-0.021481
TAP	-9.893079	16.022583	21.693001	-0.001366	-0.001223	0.000626	0.089652	0.107259	0.977938	-0.155225	-0.016340	-0.011516	-0.000937
TAP	8.575124	-18.564951	12.441262	-0.000770	-0.004388	-0.000462	0.211648	-0.394349	0.852144	-0.271192	-0.007961	-0.030633	-0.003477
TAP	22.989853	3.231785	-6.418127	0.002124	-0.002306	-0.002955	0.144902	0.239347	-0.026921	-0.959683	0.016486	-0.010922	0.023564
TAP	-14.732053	10.907183	-76.138031	-0.003863	-0.002885	-0.003944	0.901137	-0.282127	0.130419	0.302236	-0.017511	-0.001464	-0.011949
TAP	67.388216	-2.653962	13.178774	0.002438	-0.005783	-0.001363	0.547636	0.823047	0.039557	-0.145338	-0.008964	0.005686	0.018113
TAP	31.452080	32.599193	-1.536546	0.003305	0.012734	0.002061	0.439393	0.265251	-0.698685	-0.498412	0.003729	-0.008835	0.022829
TAP	25.481718	-8.185068	-4.587013	0.004172	0.001622	0.006560	0.703279	-0.141729	0.241130	-0.653581	-0.021309	-0.012581	-0.037251
TAP	-18.138049	26.380690	-22.631115	-0.001691	0.002733	0.001066	0.384226	-0.891716	-0.222181	0.088591	-0.011719	0.001674	0.009231
TAP	16.747114	30.185566	0.310869	0.000714	0.005032	-0.003176	0.559147	-0.242061	-0.131785	0.781916	0.018991	0.000798	-0.002140
TAP	11.181331	-28.893999	19.491990	0.006671	-0.000185	-0.005272	0.001691	-0.917980	-0.056175	-0.392626	0.035851	-0.002514	-0.013537
TAP	13.835296	-42.893787	13.680116	-0.001478	0.005374	-0.001738	0.345503	-0.261963	0.495476	0.752666	-0.013742	0.004965	-0.000878
TAP	23.711565	-6.362494	6.570792	-0.000173	0.000652	-0.001379	0.683132	0.475958	-0.364013	-0.417480	-0.015361	-0.001502	0.017107
TAP	7.763247	24.050066	13.548679	-0.001841	0.001306	0.001313	0.516819	0.307382	-0.787961	-0.132409	0.014825	-0.010500	0.013698
TAP	-39.136591	60.240045	38.413070	0.003144	-0.003493	0.000433	0.787298	-0.146245	-0.164199	-0.576032	-0.012970	-0.012389	0.002493
TAP	5.329670	26.165689	-13.573142	0.008601	0.001130	-0.005895	0.918614	0.130221	-0.049115	-0.369837	0.002748	-0.023691	0.006564
TAP	21.174775	11.375223	30.945938	-0.000448	-0.002249	-0.006901	0.599108	-0.332680	0.089571	0.722752	-0.033812	0.008561	-0.027732
TAP	-35.624418	-23.528789	29.207228	-0.001087	-0.001334	-0.002213	0.560481	0.271847	-0.573729	0.531785	-0.015859	-0.013529	0.007402
TAP	18.738332	44.848810	11.267011	0.001789	-0.002930	-0.003382	0.270030	0.528370	0.206904	-0.777881	0.037125	0.006248	-0.001436
TAP	-53.823642	-8.688146	-0.217765	0.002890	0.000502	0.002639	0.051606	-0.219600	-0.333857	0.915233	0.027730	-0.012626	0.011529
TAP	39.235760	21.308918	-28.978587	0.003931	0.000505	0.008311	0.711504	-0.607132	-0.353747	0.003935	0.006724	-0.017245	0.003504
TAP	-16.054690	39.180227	-23.673299	-0.005244	0.003352	0.005018	0.878971	-0.003487	0.191114	-0.436891	0.010760	0.011581	-0.000171
TAP	-6.962052	1.322244	-4.562127	0.005763	0.004186	-0.000176	0.054024	-0.829097	0.233412	0.505172	0.001342	0.013942	0.019434
TAP	14.394354	16.344492	27.082190	0.001107	-0.001834	-0.000083	0.480547	0.103940	-0.705977	0.509771	0.019629	0.003844	0.016027
TAP	18.133363	18.710959	-29.008504	-0.005605	-0.001837	0.000489	0.200203	-0.960583	0.072056	-0.178904	0.015159	0.006545	0.003241
TAP	13.724924	-11.906447	-0.311143	-0.004688	-0.002402	0.005129	0.074439	-0.146267	0.679676	0.714917	0.001293	-0.016122	0.004361
TAP	-18.499414	26.317306	-30.507628	-0.000493	0.000601	0.002153	0.659359	-0.123438	-0.494099	-0.553060	0.013260	0.004150	-0.039958
TAP	2.872703	74.997092	34.800310	0.007929	0.003678	-0.001500	0.395025	-0.039440	0.917755	-0.011211	0.022866	0.011485	-0.030279
TAP	14.451791	52.828542	-26.044941	-0.003407	-0.000251	-0.001733	0.112843	-0.328566	0.129565	0.928721	0.005113	0.018053	0.014722
TAP	-4.090075	-3.306712	30.600854	0.002256	-0.002997	-0.000293	0.805373	0.495970	0.180571	0.269782	0.002224	0.011223	-0.005234
TAP	42.040336	2.761491	30.512492	-0.000918	-0.003688	-0.002714	0.665261	0.185271	-0.313123	-0.651964	-0.019555	0.001676	-0.004151
TAP	-6.346337	4.056794	20.674521	-0.005888	0.002810	-0.004476	0.849297	0.066420	-0.318782	-0.415524	-0.010260	0.017334	-0.002172
TAP	31.747582	5.579962	32.206816	0.009976	0.003803	-0.003824	0.538146	0.370920	-0.156704	-0.740447	-0.011852	0.001101	-0.006644
TAP	-28.973292	-15.052782	-1.425426	0.000762	-0.002323	0.005604	0.215825	0.221896	-0.685398	-0.659099	-0.006241	0.007459	-0.008591
TAP	-16.856041	22.896660	3.346343	0.002798	-0.001873	-0.001178	0.478466	0.038902	0.850798	-0.213774	-0.017012	0.015005	-0.001987
TAP	-0.599890	-7.192906	-10.524859	0.002977	-0.004315	-0.003861	0.105863	-0.061528	-0.599182	0.791194	-0.031610	-0.018145	-0.017572
TAP	-10.952540	-25.721052	52.384314	0.004644	0.000323	-0.002214	0.257152	-0.914431	0.187905	0.249762	-0.026777	0.015180	0.000432
TAP	28.267386	5.818908	25.210816	-0.003860	0.003525	-0.001666	0.454265	0.688479	-0.487312	-0.286646	0.028211	0.006202	0.014885
TAP	-24.257774	-3.659963	58.719018	-0.000825	-0.004170	-0.003056	0.431263	-0.493230	0.665347	0.357840	-0.005828	-0.002231	0.046935
TAP	26.228525	19.543258	-7.150520	0.000518	-0.002216	0.001662	0.804319	0.203653	0.558087	0.011649	0.025034	-0.005675	-0.022114
TAP	46.556372	3.050689	28.275580	-0.000820	0.001901	0.004687	0.127065	-0.499517	0.259586	0.816672	0.017553	-0.009304	-0.001376
TAP	-7.281939	-33.737265	-36.482983	-0.003023	-0.004883	0.000592	0.362684	-0.689092	-0.170798	-0.603689	-0.024307	-0.009597	-0.033303
TAP	-21.230747	-7.772986	-1.527678	-0.005300	-0.003669	0.004189	0.447380	-0.055005	-0.665572	0.594844	-0.052035	0.005210	-0.003787
TAP	-19.924380	34.544731	71.784266	0.001761	-0.004142	0.004972	0.253399	-0.879484	0.336131	0.222066	-0.005054	-0.006529	0.019966
TAP	-23.596379	-10.721013	-6.168878	0.001570	-0.006289	-0.008010	0.318382	-0.675890	0.630651	-0.209966	-0.000976	0.014258	0.018027
TAP	-34.302394	8.084782	-17.381296	0.001241	-0.006739	-0.003094	0.564440	-0.075124	-0.767098	-0.295507	0.009676	0.015317	0.021689
TAP	15.609788	33.508665	1.138157	0.001336	-0.005456	0.003211	0.069691	0.033145	-0.978839	-0.189522	0.008153	-0.000234	-0.005214
TAP	22.675227	38.534831	27.109467	0.003622	0.002154	-0.001254	0.843684	-0.535824	-0.015441	-0.029180	-0.059509	-0.021480	0.022309
TAP	-19.191433	37.674175	6.751439	0.001093	-0.003481	-0.004146	0.149565	0.581357	0.582582	0.547953	0.007680	-0.018394	0.023698
TAP	17.431235	33.516256	-12.379855	0.001262	0.000423	-0.000627	0.809140	-0.260987	0.509409	-0.132971	0.005940	-0.003774	0.018078
TAP	21.559579	3.660879	25.299811	-0.003450	0.001363	-0.005687	0.073113	-0.819915	-0.567473	0.019191	-0.009750	0.021057	0.000947
TAP	18.118164	-0.706628	7.943654	-0.009527	-0.002921	-0.000774	0.215281	0.630701	0.712644	-0.219107	-0.047049	0.002497	0.007050
TAP	-3.618703	56.958255	43.496820	-0.000797	0.001399	-0.000498	0.467602	-0.015971	0.189916	-0.863148	0.007009	0.007797	-0.000929
TAP	12.846057	0.029179	-9.104297	0.003001	-0.000781	0.000525	0.358259	-0.431834	0.030411	-0.827191	-0.040299	0.004661	-0.001302
TAP	7.753911	-27.149567	-48.038414	0.004595	0.007174	0.005764	0.144451	0.728684	-0.630847	-0.224021	0.003021	0.003210	-0.002408
TAP	60.577840	-6.518264	-5.881818	-0.005150	0.001230	-0.002018	0.701112	-0.366587	-0.440780	0.423992	-0.030365	-0.005752	0.012633
TAP	-21.885360	46.820059	20.228665	-0.004242	0.003355	-0.004131	0.034193	0.101196	-0.475917	0.872980	0.014338	-0.004169	-0.013399
TAP	13.877496	7.926420	3.183479	0.001120	-0.001743	0.000061	0.430423	-0.566848	-0.346146	-0.611231	0.007973	0.004513	-0.011852
TAP	-40.012419	50.289638	-32.552588	0.000742	0.004038	-0.006838	0.128394	-0.316261	0.926485	-0.158494	-0.044880	-0.017223	0.025135
TAP	-38.792335	26.738214	-7.111962	-0.000524	-0.003052	0.004951	0.019248	0.972608	-0.200619	-0.115823	-0.005090	-0.007840	0.001611
TAP	-8.964610	35.576934	-3.052883	0.005322	-0.006316	0.005569	0.437040	-0.375503	-0.222527	0.786432	0.012433	0.013850	0.005420
TAP	20.879747	35.636586	0.400842	-0.005298	0.002327	0.003969	0.351768	-0.297568	0.688770	-0.559740	-0.009278	0.010294	-0.018600
TAP	-28.597300	22.506521	20.664589	-0.006702	0.000973	-0.000098	0.122081	-0.208053	-0.838359	0.488840	-0.017419	-0.003241	-0.012878
TAP	-24.029029	52.080753	10.850243	0.000693	0.000544	-0.000978	0.916794	0.272620	-0.239423	0.166865	-0.000328	-0.002807	-0.023791
TAP	-59.550400	-35.157788	14.533170	0.004144	-0.001568	0.004559	0.168758	0.472997	0.056641	0.862894	-0.021026	-0.007362	0.033980
TAP	15.338449	-20.648344	10.449615	-0.000010	0.004839	0.000866	0.300618	0.027220	0.815457	-0.493881	-0.004227	-0.002150	0.009606
TAP	59.450212	-2.654885	16.249577	-0.002702	0.006264	-0.002220	0.473569	0.325852	-0.741573	0.345865	0.008921	0.023899	0.008093
TAP	58.164472	0.267750	74.097754	-0.002311	-0.002980	0.000976	0.526307	0.840427	-0.082105	0.099712	-0.042671	-0.012982	0.004037
TAP	-15.130029	-2.124521	-25.484049	-0.002513	0.005304	-0.000007	0.048526	-0.099073	-0.881747	-0.458642	0.001172	0.018297	0.002977
TAP	41.181386	-18.107212	27.174811	-0.003932	-0.001508	0.008008	0.012982	0.323328	-0.611868	-0.721740	0.016358	-0.024519	0.034743
TAP	-14.797195	-27.997405	30.683612	-0.002100	0.002097	0.004420	0.574739	0.770292	-0.264805	-0.078758	-0.002170	-0.003882	-0.001321
TAP	-8.522081	-29.042433	-15.065359	0.006051	0.004911	-0.003829	0.052140	-0.096609	-0.347180	0.931351	-0.033479	-0.006642	0.020410
TAP	8.221904	32.262993	3.591767	-0.005236	-0.003478	0.001172	0.056800	-0.437205	0.767903	-0.464704	-0.023175	-0.012278	-0.006638
TAP	-2.642871	-12.198391	3.353789	-0.004545	-0.003187	0.003303	0.047033	0.875624	-0.095091	0.471198	-0.000835	-0.005659	0.010167
TAP	9.527155	-0.867339	38.788306	0.004533	0.002479	-0.002408	0.659919	-0.379606	0.645371	-0.062469	-0.000192	0.015267	-0.021426
TAP	7.356565	23.869283	1.832218	0.007109	0.003041	-0.001045	0.567740	-0.706793	-0.121666	-0.404119	0.041235	0.010836	-0.018504
TAP	-57.572620	14.080687	-11.076374	-0.004337	0.004344	0.004012	0.718696	-0.076356	-0.665128	0.187751	0.015482	-0.008666	-0.004223
TAP	22.460898	11.461649	16.729116	0.002331	0.000051	0.004315	0.069832	0.571215	0.118752	0.809157	-0.022869	-0.000782	0.031509
TAP	-31.425204	35.313410	17.016231	-0.000515	-0.001474	-0.000515	0.402371	0.303686	-0.675163	-0.538542	-0.048092	0.006291	-0.009326
TAP	4.964923	20.279357	6.823440	-0.002979	-0.006231	-0.001112	0.486391	-0.586699	0.170694	-0.624557	-0.015052	0.006976	-0.020685
TAP	-26.091097	24.621739	-41.203792	0.002474	-0.002302	-0.001421	0.940053	-0.101238	-0.045185	-0.322505	0.017050	0.017437	0.008414
TAP	25.006869	25.536958	-5.204910	0.007074	-0.001142	0.002580	0.132020	0.425295	-0.894013	0.049357	-0.014654	0.000433	-0.015768
TAP	-4.880818	9.187633	-13.391019	-0.006456	0.004426	0.000990	0.029270	-0.246851	-0.581945	-0.774305	0.025566	-0.000236	-0.002116
TAP	23.228232	37.659185	1.526350	0.002974	0.005429	-0.001997	0.303345	-0.595644	0.625083	0.403065	0.000357	0.009944	-0.015439
TAP	-15.846680	0.297206	29.608037	0.002890	-0.005184	0.000945	0.513955	-0.425860	-0.384722	-0.637560	0.018350	0.004864	-0.025794
TAP	18.544089	50.777858	-27.539437	0.000487	0.006756	-0.004673	0.026236	0.338720	0.169368	-0.925146	-0.000014	0.008894	-0.042017
TAP	2.807394	35.874702	-1.715637	0.007321	-0.003469	0.000458	0.298941	-0.936010	-0.168038	0.079267	0.004511	0.012062	0.026979
TAP	7.862242	19.778557	-3.681761	-0.002192	-0.000106	-0.001772	0.039458	0.099994	0.623305	-0.774555	0.007198	-0.008326	0.013728
TAP	49.975311	4.025994	6.361254	-0.001029	0.001068	0.004404	0.632102	-0.135563	-0.760318	0.063134	-0.006107	0.008416	0.021984
TAP	53.685727	26.830653	11.545391	-0.002821	0.000769	0.000263	0.369816	0.744297	-0.439123	-0.341217	-0.018147	-0.015850	0.015356
TAP	-45.909141	16.725179	1.516914	0.003829	-0.001230	-0.003438	0.336095	-0.773190	0.104446	-0.527550	0.003961	-0.013819	0.002559
TAP	-19.118611	3.756161	-10.966742	0.003693	-0.001166	0.003556	0.632362	-0.143552	-0.635985	-0.418371	0.001346	0.004471	-0.013007
TAP	-12.158160	36.607992	29.019913	0.001346	-0.000574	0.004089	0.295962	-0.749743	0.145887	-0.573594	0.026272	-0.008264	0.020938
TAP	23.179000	26.643197	-1.095247	-0.001596	0.001172	0.009583	0.386452	-0.526051	-0.471443	0.593015	0.002094	0.019209	-0.023913
TAP	18.156432	-10.918690	-6.776587	-0.001627	-0.000163	0.005517	0.561665	-0.162300	0.810920	-0.024508	-0.017485	0.003395	-0.008956
TAP	-6.294302	4.509182	15.136718	-0.000881	0.001384	-0.001910	0.351129	0.066451	-0.447272	-0.819903	0.070226	0.002451	-0.006668
TAP	23.878054	10.211310	13.186259	-0.002289	-0.004237	-0.003442	0.701169	-0.317112	0.072848	0.634425	0.003338	0.008443	-0.001230
TAP	49.436091	24.749212	34.414688	0.000406	0.002234	-0.000234	0.765512	0.330128	-0.410883	-0.369029	0.009803	-0.010361	0.017256
TAP	34.867846	-8.986897	-15.571430	0.006047	0.001654	-0.003747	0.418961	-0.781773	0.131578	0.442708	0.016624	0.004067	0.001577
TAP	0.686397	21.844902	35.780704	-0.004569	-0.000348	0.004883	0.331406	-0.055644	-0.451575	0.826531	-0.000995	0.004826	-0.010717
TAP	8.551420	12.022575	-4.651047	0.000320	0.000651	-0.000993	0.104345	0.850281	0.302818	0.417654	0.013470	-0.002215	-0.021316
TAP	12.587156	-29.245233	13.120139	0.002800	-0.002135	0.007492	0.082060	-0.925347	0.128469	0.347123	0.027036	-0.014493	-0.002762
TAP	0.822878	-21.923451	12.098972	0.004171	-0.002080	-0.001070	0.518700	-0.655687	0.467715	-0.286822	0.005070	-0.004931	0.032320
TAP	24.589393	-15.720942	-10.065430	-0.000589	-0.002442	-0.002596	0.006491	0.880468	-0.186086	-0.436012	-0.031330	0.006741	-0.010465
TAP	45.182801	24.911687	58.454527	0.002951	0.004498	-0.000017	0.183290	-0.916794	-0.297971	0.192632	-0.020801	-0.013460	0.001065
TAP	-20.258827	-27.394310	4.467671	0.000405	-0.006728	-0.001277	0.202311	-0.905791	-0.114347	0.354314	-0.040486	-0.011286	0.008096
TAP	-1.670332	10.064237	2.869643	0.003911	-0.005503	-0.004217	0.798065	0.118829	0.497540	-0.318473	-0.002652	-0.013429	0.002238
TAP	6.645991	-13.487402	-16.173846	0.002380	-0.005031	0.007827	0.088047	0.575130	-0.431999	-0.689093	0.001016	0.002212	0.012602
TAP	10.829992	19.143367	-17.996757	-0.000999	0.001079	-0.000701	0.759854	0.016174	0.218860	-0.611932	-0.026421	-0.000966	0.018833
TAP	19.964843	-30.185412	-3.126451	0.000571	-0.005435	-0.002896	0.553780	0.307763	-0.350311	-0.689849	-0.043149	-0.005950	-0.019867
TAP	34.981418	-26.014500	5.225412	-0.002710	-0.001514	-0.005403	0.618968	0.117114	-0.342348	-0.697109	0.020342	0.005713	-0.019795
TAP	16.617707	46.010610	8.442429	0.004061	0.005057	-0.002052	0.171501	0.869390	0.422745	-0.189832	-0.012463	0.002348	0.022548
TAP	38.474998	-33.472450	41.660734	-0.000125	-0.001803	0.002970	0.753416	0.384322	0.527650	-0.079034	0.007663	-0.017635	0.004003
TAP	14.619555	1.677214	46.880851	0.003938	0.001621	-0.002124	0.641540	-0.517862	0.556344	-0.103573	0.000953	-0.002206	0.017499
TAP	-39.880848	29.014096	-0.377772	0.000316	0.007247	0.007044	0.302703	0.575681	-0.004508	-0.759567	-0.016504	0.007096	0.029941
TAP	17.331806	-5.311675	10.896982	-0.000258	0.004613	-0.001702	0.521349	0.790305	-0.307015	0.096723	-0.022439	0.007434	-0.049284
TAP	41.139132	18.813576	37.094941	-0.003817	-0.004623	0.004279	0.099712	-0.681263	-0.164375	0.706342	-0.030015	-0.004279	0.004745
TAP	21.097057	25.905476	-35.812086	0.002089	-0.001365	0.006637	0.332123	0.172698	0.339029	0.863093	0.004518	-0.008529	-0.008126
TAP	-8.782435	66.823993	4.729019	0.003637	-0.000089	0.002812	0.077106	0.354296	0.619231	-0.696478	-0.041639	-0.008345	0.034160
TAP	46.497696	-2.825658	-20.215254	0.003976	-0.003621	-0.004581	0.728790	0.410816	0.292265	0.463333	0.023145	-0.003346	0.009797
TAP	1.599238	8.567340	30.447393	-0.001154	-0.000900	-0.003713	0.113714	-0.545281	-0.303170	-0.773192	0.004166	0.015325	-0.003785
TAP	13.093584	38.744488	-16.681324	0.003923	0.003199	-0.003014	0.412934	0.166188	0.422496	0.789534	0.000936	0.006782	-0.002483
TAP	7.087856	-12.105474	35.062656	-0.005290	0.002706	-0.002920	0.492431	0.589723	0.236597	-0.594777	0.031124	0.004262	0.005144
TAP	-5.375613	41.227648	3.421707	0.001718	-0.003192	-0.004599	0.159377	-0.404985	0.425366	0.793505	0.016741	0.003399	-0.000805
TAP	15.442436	29.688608	-8.593768	-0.007063	0.004564	-0.000493	0.146706	0.607837	0.739231	-0.250098	-0.037447	0.023605	0.008465
TAP	21.747419	-30.792393	1.509680	0.003853	-0.003468	-0.001317	0.624751	-0.608331	-0.139411	0.469238	-0.004437	-0.008593	0.000945
TAP	9.684129	-4.466241	-11.363687	0.000924	0.006806	0.003900	0.230758	-0.275966	-0.859617	0.362837	-0.033422	-0.009638	-0.016872
TAP	57.850443	-4.943978	18.216091	0.001652	-0.003882	-0.011583	0.593928	0.342273	0.697309	-0.209424	0.004510	0.007236	-0.000750
TAP	12.531731	14.735624	42.590947	0.001365	0.000263	-0.001209	0.094613	0.207258	0.972377	-0.050758	-0.017233	-0.017324	0.002208
TAP	-9.987314	13.790878	-18.985594	0.002652	-0.008450	0.001622	0.043742	-0.252441	-0.784727	0.564415	0.028188	0.007335	-0.018374
TAP	47.767525	28.742398	-10.450057	-0.000429	0.001104	0.002327	0.364965	-0.274466	0.142865	-0.878099	0.015786	-0.020167	0.018665
TAP	20.637738	-1.143325	1.331674	-0.001466	0.001566	0.002322	0.775953	0.530507	-0.334921	0.065473	0.020842	0.003683	-0.008011
TAP	13.083038	-30.394697	-10.291154	-0.003460	0.003268	-0.001819	0.318688	0.215933	-0.891321	-0.239493	0.020177	0.009973	0.019464
TAP	-3.361674	-20.357324	-17.736533	-0.000505	-0.003061	0.001129	0.641333	0.631407	0.032460	-0.434700	0.016575	0.001207	0.019867
TAP	2.570855	27.466877	5.899335	0.003603	-0.005871	-0.003863	0.280577	0.219308	0.354172	0.864721	0.029084	0.009532	-0.027770
TAP	13.719328	-16.576172	29.451006	-0.004455	-0.001721	-0.005264	0.898817	-0.180735	0.362389	-0.167742	-0.013358	-0.012002	0.004975
TAP	37.038323	-23.091344	34.762464	0.003802	-0.002484	0.000507	0.455805	-0.811874	-0.329048	0.157575	0.010787	-0.000936	-0.026737
TAP	63.758139	-25.610535	33.711473	-0.002598	0.006014	0.000484	0.301409	0.413032	0.323736	-0.796085	0.021608	-0.023129	-0.026247
TAP	58.769536	-24.178976	3.985923	-0.001487	0.001401	0.002626	0.207063	0.835094	0.130907	-0.492551	0.026018	-0.006810	0.010776
TAP	21.987683	-27.298838	4.593421	0.001780	-0.006762	0.007394	0.483969	-0.529112	-0.671539	-0.186681	0.019653	0.003434	-0.020093
TAP	27.665245	13.033484	-31.029320	-0.004606	0.002190	-0.000713	0.006194	0.754674	0.530969	-0.385357	0.004481	0.007639	-0.002659
TAP	39.675072	44.188688	18.403108	0.010015	-0.003776	0.005169	0.034067	-0.950106	-0.013820	-0.309752	0.019623	0.006344	-0.017890
TAP	6.149384	15.827541	15.181917	-0.000141	-0.002269	-0.002031	0.296531	0.100733	-0.942198	-0.119102	0.018232	0.003917	-0.017780
TAP	-6.756808	11.331675	22.690432	-0.002226	-0.008883	-0.005382	0.132986	-0.388679	0.333736	0.848448	-0.023763	-0.006891	-0.003272
TAP	-8.926082	19.702430	-33.941342	-0.002182	0.002501	-0.000664	0.750243	-0.140765	-0.238212	0.600480	0.015124	-0.023738	0.006411
TAP	23.463291	-26.191363	22.261197	0.001003	0.004876	0.002775	0.493217	-0.810101	0.274734	0.158098	-0.019370	-0.017787	0.020219
TAP	16.420780	5.787600	12.826438	0.000738	-0.005301	-0.000455	0.143910	0.818985	-0.128399	-0.540432	0.009843	-0.004463	0.002733
TAP	11.374765	10.986322	-9.857580	-0.001364	-0.002929	0.001118	0.209822	-0.277812	0.097956	0.932309	-0.003727	-0.018982	0.002091
TAP	-14.987569	42.981833	1.047538	0.000592	0.005538	0.002787	0.190603	0.599220	0.517423	0.580412	0.005883	-0.011851	-0.009907
TAP	69.414757	6.773771	47.791895	-0.005357	0.000616	0.002613	0.416135	-0.768850	0.390618	-0.288303	0.022224	0.007982	0.029585
TAP	6.818319	55.871861	21.936296	-0.001287	0.005479	-0.000865	0.593166	0.298835	0.339343	-0.666106	-0.016494	-0.015036	-0.005280
TAP	1.564551	-9.238756	-5.292749	0.002455	0.011572	0.002105	0.424144	-0.128214	0.001732	0.896471	0.003216	-0.008369	-0.013672
TAP	32.330060	27.280990	7.056018	-0.008548	0.003361	0.000916	0.270587	0.865823	0.144719	0.395210	0.022219	0.010582	0.028561
TAP	-2.394469	-10.011296	15.600872	-0.002651	-0.007652	0.001971	0.448575	0.805927	-0.236421	-0.305558	-0.021300	-0.011891	0.006315
TAP	-30.224967	2.792353	10.571668	-0.005979	-0.000772	0.007382	0.036850	0.633822	0.763134	0.120575	-0.031378	0.014380	0.011313
TAP	35.587593	19.748684	-2.770630	0.000939	-0.000672	-0.006896	0.825327	-0.105560	-0.255032	0.492595	-0.002744	-0.027275	-0.000441
